450832.4040386234,3951666.515572133
450832.4040386234,3951666.515572133
450832.3287573633,3951666.534474663
450832.3287573633,3951666.534474663
450832.3287573633,3951666.534474663
450832.3287573633,3951666.534474663
450832.3287573633,3951666.534474663
450832.3287573633,3951666.534474663
450832.3287573633,3951666.534474663
450832.3287573633,3951666.534474663
450832.3287573633,3951666.534474663
450832.3287573633,3951666.534474663
450832.3287573633,3951666.534474663
450832.3287573633,3951666.534474663
206910634.2137287,126497947.1312628
450832.2687575296,3951666.590263985
450832.2687575296,3951666.590263985
450832.2687575296,3951666.590263985
450832.2687575296,3951666.590263985
450832.2687575296,3951666.590263985
450832.2687575296,3951666.590263985
450820.207379932,3951666.657055265
450832.2687575296,3951666.590263985
450832.2687575296,3951666.590263985
450832.2538855078,3951666.627317735
450832.2538855078,3951666.627317735
450832.2538855078,3951666.627317735
450832.2538855078,3951666.627317735
450832.2538855078,3951666.627317735
450832.2538855078,3951666.627317735
450832.2538855078,3951666.627317735
450832.2538855078,3951666.627317735
450832.2538855078,3951666.627317735
450832.2085529943,3951666.609083036
450832.2085529943,3951666.609083036
450832.2085529943,3951666.609083036
450832.2085529943,3951666.609083036
450832.2085529943,3951666.609083036
450832.2085529943,3951666.609083036
450832.2085529943,3951666.609083036
450832.2085529943,3951666.609083036
450832.2085529943,3951666.609083036
450832.2085529943,3951666.609083036
450832.1780924974,3951666.553794586
450832.1780924974,3951666.553794586
450832.1780924974,3951666.553794586
450832.1780924974,3951666.553794586
450832.1780924974,3951666.553794586
450832.234078678,3951676.665163992
450832.1780924974,3951666.553794586
450832.1780924974,3951666.553794586
450832.1780924974,3951666.553794586
450832.1780924974,3951666.553794586
450832.1773760389,3951666.424398635
450832.1773760389,3951666.424398635
450832.1773760389,3951666.424398635
450832.1773760389,3951666.424398635
450832.1773760389,3951666.424398635
450832.1773760389,3951666.424398635
450832.1773760389,3951666.424398635
450832.1773760389,3951666.424398635
450832.252657295,3951666.405496105
206910630.0712307,126498018.8186089
450832.252657295,3951666.405496105
450832.252657295,3951666.405496105
450832.252657295,3951666.405496105
450832.252657295,3951666.405496105
450832.252657295,3951666.405496105
450832.252657295,3951666.405496105
450832.252657295,3951666.405496105
450832.252657295,3951666.405496105
450832.252759646,3951666.42398124
450832.252759646,3951666.42398124
450832.252759646,3951666.42398124
450832.252759646,3951666.42398124
450832.252759646,3951666.42398124
450832.252759646,3951666.42398124
450832.2227085557,3951666.442633335
450832.2227085557,3951666.442633335
450832.117171498,3951666.443217688
450832.2227085557,3951666.442633335
450832.2227085557,3951666.442633335
450832.2227085557,3951666.442633335
450832.2227085557,3951666.442633335
450832.2227085557,3951666.442633335
450832.2680410724,3951666.460868035
450832.3733734259,3951666.42331341
450832.4788081309,3951666.404243925
450832.5994219087,3951666.403576097
450832.7047542665,3951666.366021478
450832.8252656925,3951666.346868518
450832.9457771237,3951666.32771556
450833.0661862037,3951666.290077467
450833.1716209094,3951666.27100799
450833.277157969,3951666.270423649
450833.532950508,3951666.176578862
450833.5932573972,3951666.176244956
450833.7739733713,3951666.138272966
450833.8191011951,3951666.119537401
450833.9998171736,3951666.081565417
450834.1354053286,3951666.062328999
450834.2408400413,3951666.043259534
450834.4817605668,3951665.98646852
450834.5871952835,3951665.967399062
450834.8428854966,3951665.855069177
450834.9632945906,3951665.81743111
442535610.1220039,193741802.4374365
450835.189138406,3951665.760723591
450835.3096498496,3951665.741570664
450835.4300589449,3951665.703932605
450835.5504680433,3951665.666294545
450835.6558004196,3951665.628739962
450835.7762095201,3951665.591101907
450835.9116953471,3951665.553380379
450836.0023603757,3951665.589849817
450836.2284088862,3951665.570112595
450836.3638947132,3951665.532391076
450836.4843038176,3951665.494753029
450836.7101476503,3951665.438045549
450836.8457358226,3951665.418809174
450836.9812216542,3951665.381087664
450717.8297658277,3951666.023072005
450837.2221422119,3951665.324296726
450837.4930115467,3951665.230368583
450837.6284973814,3951665.192647083
450837.6888042816,3951665.192313204
450837.7490088376,3951665.173494191
450838.0051084708,3951665.135104939
450838.1256199285,3951665.115952053
450838.2612081085,3951665.096715698
450838.3214126662,3951665.077896688
450838.532179794,3951665.021272723
450838.5923843552,3951665.002453715
450839.0445837534,3951664.981464548
450839.1800696006,3951664.943743072
450839.3004787221,3951664.906105064
450839.4360669122,3951664.886868726
450839.5865271511,3951664.830578655
450839.6468340536,3951664.830244789
450839.842524466,3951664.773704322
450839.9028313666,3951664.773370458
450840.0985217866,3951664.716829996
450840.3548261125,3951664.715411086
450840.4904143029,3951664.696174765
450840.6108234354,3951664.658536777
450840.7464116271,3951664.63930046
450840.8668207615,3951664.601662475
450840.9270253279,3951664.58284348
450841.0023066217,3951664.563941026
450841.273278348,3951664.488498135
450841.4087642115,3951664.450776692
450841.5291733535,3951664.413138714
450841.7246591263,3951664.319628019
450841.7999404217,3951664.300725569
450841.8601449944,3951664.281906583
450842.1312190664,3951664.224948854
450842.2667049398,3951664.187227425
450842.402190812,3951664.149505999
442535545.3518831,193743173.1694095
450842.6432137672,3951664.111200344
450842.8840320666,3951664.035924426
450843.0645434641,3951663.960982356
450843.1850549453,3951663.941829537
450843.3205408249,3951663.904108124
68565023.37184756,71158361.49241413
450843.5162312869,3951663.847567738
450843.7120240762,3951663.809512493
450843.8324332315,3951663.771874547
450843.9528423924,3951663.734236603
450844.0883282806,3951663.696515202
450844.2238141677,3951663.658793804
450844.4949905961,3951663.620321284
450844.6304764859,3951663.58259989
450844.7508856503,3951663.544961958
450844.8863715423,3951663.507240568
450845.0218574377,3951663.469519182
450845.142266603,3951663.431881253
450845.2627780976,3951663.412728464
450845.3831872692,3951663.375090539
450845.5186731663,3951663.33736916
450845.5184685197,3951663.300398889
450845.8497472268,3951663.224622313
450845.970156401,3951663.186984397
450846.0905655785,3951663.149346482
450846.1507701676,3951663.130527526
450846.2109747523,3951663.11170857
450846.2711793443,3951663.092889614
450846.5872790189,3951662.998711386
450846.6324068803,3951662.979975887
450846.8280973804,3951662.923435574
450846.9634809699,3951662.867229082
450847.1897342094,3951662.884462412
441395.5472879924,-1580124.31368028
450847.4305525788,3951662.809186618
450847.5660384952,3951662.771465272
450847.7014220915,3951662.715258788
450847.8369080081,3951662.677537446
450847.9573171977,3951662.639899557
450848.0929054368,3951662.620663354
450848.2133146304,3951662.583025466
450848.3488005488,3951662.545304132
450848.4842864705,3951662.507582798
450848.6046956674,3951662.469944918
450848.740181589,3951662.432223589
450848.8605907902,3951662.394585711
450848.9809999878,3951662.356947836
450849.1163835968,3951662.300741376
450849.2519718409,3951662.281505191
442535470.1579126,193744764.4805834
450849.5528925332,3951662.168925383
450849.6734040513,3951662.149772653
450849.8846828857,3951662.185574637
450850.0201688192,3951662.147853327
450850.1556547583,3951662.110132019
450850.2761662783,3951662.090979298
450850.4116522148,3951662.053257994
450850.532061421,3951662.01562014
450850.6072404455,3951661.97823263
450850.8180077185,3951661.921608959
450850.9385192425,3951661.902456245
450851.2851817128,3951661.882051834
450851.4206676541,3951661.844330546
450851.556153599,3951661.806609261
450851.6163582105,3951661.787790339
206250923.3751637,126277010.9196696
450851.9325602954,3951661.712097439
450852.0681485517,3951661.692861296
450852.2036345013,3951661.655140019
450852.3391204568,3951661.617418744
450852.4897854473,3951661.598099165
450852.5656806413,3951661.69010762
450852.7012689013,3951661.670871487
450852.7614735115,3951661.652052575
450852.9723431176,3951661.61391409
450853.1229057997,3951661.576109385
450853.2583917577,3951661.538388125
450853.3939800214,3951661.519152001
450853.529568288,3951661.499915882
450853.6499775166,3951661.462278071
450853.7855657822,3951661.443041953
450853.9205402136,3951661.312895026
450854.0560261789,3951661.275173777
450854.1916144505,3951661.255937668
450854.3421771434,3951661.218132982
450854.4776631095,3951661.18041174
450854.6132513834,3951661.161175638
450854.7487373514,3951661.123454399
450854.8842233206,3951661.085733165
450855.0347860237,3951661.04792849
450855.1702719976,3951661.01020726
450855.4112950853,3951660.971901953
450855.561857788,3951660.934097289
442303.5923635949,-1926727.608272616
450855.848008777,3951660.877056542
450855.9684180233,3951660.839418763
450856.1189807351,3951660.801614108
450856.1792876591,3951660.801280355
450856.3900549983,3951660.744656818
450856.5256432779,3951660.725420742
450856.6611292625,3951660.687699534
450856.7365129185,3951660.687282348
450856.7967175458,3951660.668463463
450856.8719989046,3951660.649561143
450857.2183545348,3951660.573701557
450857.3538405245,3951660.535980361
450857.4893265109,3951660.498259165
450857.6248125006,3951660.460537972
450857.700093865,3951660.441635658
68564423.03209014,71158543.73555081
450858.0312704787,3951660.347374405
450858.2421401343,3951660.309236046
450858.3928051628,3951660.289916565
450858.5281888609,3951660.233710252
450858.6636748611,3951660.195989072
450858.7992631558,3951660.176753034
450858.9348514533,3951660.157516996
450858.9950560863,3951660.138698127
450859.2058234559,3951660.082074656
450859.3413094565,3951660.044353489
450859.4917699034,3951659.988063757
450859.5368978063,3951659.969328324
450859.7174094245,3951659.894386595
450859.867972165,3951659.856582003
450860.0034581741,3951659.818860847
450860.1238674516,3951659.781223123
450346.6100571076,3951662.600776753
450860.3948394798,3951659.705780821
450860.5454022239,3951659.667976241
450860.6808882409,3951659.630255096
450860.756169614,3951659.611352808
450860.8464254314,3951659.573881955
450860.9216045141,3951659.536494534
450861.3280625767,3951659.423331119
450861.4635485982,3951659.385609985
450861.5989323312,3951659.329403716
450861.7494950864,3951659.291599159
450861.9000578499,3951659.253794602
450862.0355438764,3951659.216073477
450862.110825258,3951659.1971712
450862.3215926686,3951659.140547804
450862.4265160789,3951659.029052999
450862.6818999728,3951658.861268516
450862.8324627403,3951658.823463976
450862.9679487817,3951658.785742865
450863.1034348197,3951658.748021756
450863.2389208587,3951658.71030065
442312.608177553,-1926729.758488059
450863.5098929447,3951658.634858442
450863.6453789848,3951658.59713734
450863.7808650306,3951658.559416242
450863.9462999751,3951658.484558025
450864.0667092866,3951658.446920355
450864.2172720691,3951658.40911584
450864.6238120926,3951707.357005116
450864.5032186213,3951658.315105103
450864.6387046748,3951658.277384018
450864.7592162751,3951658.258231492
450864.9096767807,3951658.201941852
450865.0451628354,3951658.164220773
450865.1655721558,3951658.126583118
450865.2710070238,3951658.107514025
450865.3462884236,3951658.088611776
450865.6474140098,3951658.01300279
450865.7979768082,3951657.9751983
450865.8732582079,3951657.956296055
450866.2345884705,3951657.861868268
450866.3851512715,3951657.824063788
450866.5357140761,3951657.786259311
206249504.2318704,126278075.8439951
450866.9428882343,3951657.802492102
450867.0030929017,3951657.783673287
450867.0783743031,3951657.764771054
450867.3493464442,3951657.689328964
450867.4095511156,3951657.670510152
450867.6203185922,3951657.613886883
450867.7558046691,3951657.576165845
450867.8912907447,3951657.53844481
450868.0267768214,3951657.500723775
450868.1772373597,3951657.444434192
450868.2980558054,3951657.480737121
450868.4184651481,3951657.443099512
450868.5539512308,3951657.405378486
450868.6292326408,3951657.386476267
450868.8400001337,3951657.329853026
450868.9754862175,3951657.292132006
450869.1259467698,3951657.235842438
450869.2766118644,3951657.216523144
450869.3368165383,3951657.197704345
450869.5475840377,3951657.141081121
450869.6227631812,3951657.103693774
450869.7581469966,3951657.047487633
450869.9087098301,3951657.009683213
450869.9839912417,3951656.990781004
450870.1948610262,3951656.952642931
450870.3303471235,3951656.914921933
450870.465935493,3951656.895686072
442321.0209632379,-1926731.48631978
450870.7219332189,3951656.838812635
450870.8573170449,3951656.782606511
450870.9779309524,3951656.781939206
450871.113417053,3951656.74421822
450871.2488008853,3951656.688012101
450871.3843892578,3951656.668776254
450871.5198753665,3951656.631055274
450871.6402847315,3951656.593417707
450871.7757708377,3951656.555696733
450871.8961802094,3951656.51805917
450872.0466407857,3951656.461769652
450872.1821268979,3951656.424048682
450872.4227411103,3951656.311803299
450872.5431504856,3951656.274165746
450872.6787388669,3951656.254929919
450872.8142249848,3951656.217208961
450872.9497111015,3951656.179488002
450873.1002739579,3951656.141683637
206248876.7499074,126278504.9050403
450873.3110415074,3951656.085060503
450873.5368857982,3951656.028353967
450873.6723719207,3951655.99063302
450873.777090981,3951655.84216808
450873.927653851,3951655.80436373
450874.0781144541,3951655.748074245
450486.5001194522,3951657.86372392
450874.3792401919,3951655.672465557
450874.4996495838,3951655.63482803
450874.6350334538,3951655.578621963
450874.7705195899,3951655.540901033
450874.8909289851,3951655.503263512
450875.0263128618,3951655.447057451
450875.0259038152,3951655.373116911
450875.0558527718,3951655.335979829
450875.2663135686,3951655.223901336
450875.3867229702,3951655.186263822
450875.5222091154,3951655.148542904
450875.642618519,3951655.110905392
450875.7028232177,3951655.092086638
450875.8835395891,3951655.054115511
450876.019025736,3951655.0163946
450876.1545118839,3951654.978673692
450876.3357395516,3951655.033128249
450876.4711234397,3951654.976922211
450876.5915328518,3951654.939284711
450876.7420957462,3951654.901480408
450876.8776841565,3951654.882244647
450876.9378888616,3951654.8634259
450877.1335797237,3951654.80688626
450877.1937844321,3951654.788067516
450877.4046542951,3951654.749929616
450877.5251659658,3951654.730777265
450877.6154219036,3951654.693306584
450877.9290018521,3951670.496846231
450877.9918291556,3951654.598795876
450878.1122385766,3951654.561158399
450878.2628014835,3951654.523354121
450878.3983899049,3951654.504118383
450878.5489528116,3951654.46631411
450878.6845412344,3951654.447078376
450878.8351041456,3951654.409274109
450878.9556158237,3951654.390121778
450879.1514089615,3951654.352067318
450879.2869973849,3951654.332831594
450879.4375603003,3951654.295027337
450879.7085326469,3951654.219585626
450879.7687373644,3951654.2007669
450879.9644282583,3951654.144227323
206248221.0570937,126279055.5654807
450880.2204261224,3951654.08735416
450880.3709890436,3951654.04954992
450880.371091294,3951654.068035055
450880.431296014,3951654.049216332
450880.6269869175,3951653.99267677
450880.7022683759,3951653.973774652
450880.8979592827,3951653.917235097
450881.0183687248,3951653.879597659
450881.1387781678,3951653.841960223
450881.2893410967,3951653.804155997
450881.4248272844,3951653.766435171
450881.5753902156,3951653.72863095
450881.7711833784,3951653.690576548
450881.9066695697,3951653.652855728
450882.0422580114,3951653.633620045
450882.1626674619,3951653.595982622
450882.5543560453,3951653.538358985
450882.4486143484,3951653.501972469
450882.599177293,3951653.464168265
450882.7346634887,3951653.426447458
450882.8853286763,3951653.407128395
450883.020814881,3951653.369407591
450883.1714800701,3951653.350088534
450883.3219407711,3951653.293799209
450883.4575292188,3951653.274563547
450883.5930154232,3951653.236842751
450883.7285016287,3951653.19912196
450883.8789623403,3951653.142832645
450883.9994740478,3951653.123680383
450884.1348580141,3951653.067474462
450884.2704464667,3951653.048238812
450884.4209071842,3951652.991949506
450884.6019303509,3951653.009433962
450884.7374165663,3951652.971713185
450884.8879795244,3951652.933909021
450885.0235679828,3951652.914673384
450885.1740287002,3951652.85838409
450885.3095149202,3951652.820663322
450885.4451033789,3951652.801427692
450885.5805895986,3951652.763706928
450885.7011013145,3951652.744554688
450885.7763827961,3951652.725652615
450885.9115623038,3951652.632476452
450886.0471507688,3951652.61324083
450886.1672535343,3951652.520148057
450886.3030464753,3951652.53788271
450886.4385327025,3951652.500161959
450886.5740189307,3951652.462441211
450886.6944284177,3951652.424803851
450886.8299146504,3951652.387083106
450886.9654008797,3951652.349362364
450887.1007848759,3951652.293156488
450887.3420127988,3951652.291822323
450887.4774990362,3951652.254101589
450887.6129852723,3951652.216380856
450887.7484715096,3951652.178660126
450888.0193417554,3951652.084733536
450888.1548279987,3951652.047012812
450888.2903142407,3951652.00929209
450628.502684077,3951653.412902898
450888.546209985,3951651.933934035
450888.6665172518,3951651.877811567
450888.9224129983,3951651.802453523
450889.0578992472,3951651.764732813
450889.1783087536,3951651.727095486
450889.2385135073,3951651.708276823
450889.4492812592,3951651.651654076
450889.5847675102,3951651.613933373
450889.7202537693,3951651.576212674
450889.7805607512,3951651.575879151
450889.9764562265,3951651.556310065
450890.1572749519,3951651.536824365
450890.2776844636,3951651.499187052
450890.3981962058,3951651.480034878
450890.5187079486,3951651.460882704
450890.654194209,3951651.42316202
450890.774705953,3951651.404009849
450890.9101922177,3951651.366289168
450891.0306017371,3951651.328651867
450891.1511134809,3951651.309499703
450891.271523002,3951651.271862405
450891.4073159506,3951651.289597135
450891.5126487219,3951651.252043218
450891.6179814985,3951651.214489304
450891.7383910183,3951651.176852012
450891.8588005436,3951651.139214722
450891.9641333184,3951651.101660812
450892.0846450694,3951651.08250866
450892.2049523692,3951651.02638624
450892.265157136,3951651.007567599
450892.4307969091,3951650.969680186
450892.6570503419,3951650.986914678
450892.7773576466,3951650.930792267
450892.8827926543,3951650.911723501
450892.9881254383,3951650.874169603
450893.1085349704,3951650.83653233
450893.2139699799,3951650.817463569
450893.3184849791,3951650.632028596
450893.4246355537,3951650.74235578
450893.6354033538,3951650.685733132
450893.8006342442,3951650.573905207
450893.860839015,3951650.555086576
450893.9963253028,3951650.517365942
442535007.8013607,193754548.7197443
450894.1467861155,3951650.461076802
450894.2371443858,3951650.442091426
450894.327400433,3951650.404620916
450894.4025797328,3951650.367233782
450894.4777590311,3951650.329846647
450894.5530405529,3951650.310944647
450894.537146038,3951650.163146943
450894.612325343,3951650.125759809
450894.6875046418,3951650.088372677
450894.7778629147,3951650.069387307
450894.8380676932,3951650.050568683
450894.9132469936,3951650.013181551
450894.9434004931,3951650.013014807
450895.0638100472,3951649.975377561
450895.1240148199,3951649.95655894
450893.9930541992,3951649.925841629
450895.2434021795,3951649.734070348
450895.318683708,3951649.715168356
450895.3788884878,3951649.696349735
450895.4390932677,3951649.677531114
450895.5143747948,3951649.658629124
450895.5745795775,3951649.639810503
450895.6499633215,3951649.639393648
450895.7252448516,3951649.620491661
450895.8005263843,3951649.601589672
450895.8305776625,3951649.582937797
450895.8602200708,3951649.490345381
450896.0258598843,3951649.452458036
450896.1162181664,3951649.43347268
450896.1914996946,3951649.414570696
450896.2518066976,3951649.414237216
450896.2969347316,3951649.395501971
450896.4174465141,3951649.376349878
450896.4927280458,3951649.357447896
450896.56800958,3951649.338545913
450896.6733423999,3951649.300992059
450896.7486239327,3951649.28209008
450896.8389822157,3951649.263104731
450896.9292382854,3951649.225634248
450897.0195965739,3951649.206648902
450897.1098526427,3951649.16917842
450897.2002109298,3951649.150193076
450897.2905692149,3951649.131207731
450897.3658507527,3951649.112305757
450897.4562090432,3951649.093320414
450897.6218488681,3951649.055433099
450897.7122071551,3951649.03644776
450897.817744409,3951649.035864189
450897.8628724481,3951649.017128952
450897.9983587778,3951648.979408379
450898.1037938189,3951648.960339677
450898.1941521101,3951648.941354342
450898.2845103994,3951648.922369008
450898.3748686891,3951648.903383675
450898.5554830639,3951648.846927878
450898.6157900683,3951648.846594415
450898.7513786111,3951648.827358987
450898.8417369072,3951648.808373659
214252961.3460347,128966671.8357312
450899.0374280306,3951648.751834506
450899.112709575,3951648.732932546
450899.203170084,3951648.732432356
450899.2935283796,3951648.713447032
450899.3838866734,3951648.694461709
450899.4893217207,3951648.675393023
450899.7001918188,3951648.637255655
450899.8055246575,3951648.599701838
450899.8958829534,3951648.580716521
450900.0013180007,3951648.56164784
450900.1067530508,3951648.542579161
450900.1970091411,3951648.505108714
450900.3024441945,3951648.486040036
450900.4078792461,3951648.466971362
450900.4982375468,3951648.447986049
450900.543365592,3951648.429250828
450900.6787497335,3951648.373045161
450900.7841847871,3951648.353976491
450900.8744408799,3951648.316506048
450900.9797737272,3951648.278952246
450901.0701320287,3951648.25996694
450901.1755670867,3951648.240898275
450901.2659253913,3951648.221912972
450901.3712582413,3951648.184359173
450901.4616165469,3951648.165373872
450901.5215147285,3951648.09109989
450901.7020269308,3951648.016159021
442368.2817382727,-1930427.864853282
450901.8525900408,3951647.978355147
450902.0031531544,3951647.940551275
450902.1084860108,3951647.902997485
450902.1537162646,3951647.902747405
450902.3193561352,3951647.864860179
450902.4097144459,3951647.845874887
450902.5151495091,3951647.826806238
450902.6805849703,3951647.75194875
450902.7709432829,3951647.732963461
450902.8312502922,3951647.732630027
450902.9818134139,3951647.69482617
450903.07217173,3951647.675840886
450903.1172997821,3951647.657105677
450903.2829396587,3951647.619218469
450903.3882725241,3951647.581664695
442534891.6469796,193757006.6067305
450903.5689891535,3951647.543694134
450903.6895009777,3951647.524542141
450903.7346290341,3951647.505806934
450903.885192161,3951647.468003096
450903.9906272317,3951647.448934463
450904.080883349,3951647.411464054
450904.186318423,3951647.392395424
450904.2766767399,3951647.373410151
450904.3368815513,3951647.354591591
450904.4874446854,3951647.316787762
450904.577803006,3951647.297802493
450904.7134937858,3951647.297052292
450904.8037499099,3951647.25958189
450904.9091849849,3951647.240513269
450904.9543130429,3951647.221778069
450905.089901625,3951647.202542739
-4.12109696762231e+43,-6.258909049569122e+47
450905.2554393219,3951647.146170434
450905.3307208901,3951647.127268527
450905.421079212,3951647.108283266
450905.5114375388,3951647.089298007
450905.4958497958,3951646.996955689
450905.5711313657,3951646.978053783
450905.6464129383,3951646.959151878
450905.7367712625,3951646.94016662
450905.812155033,3951646.939749851
450905.902411163,3951646.902279462
450905.9476414241,3951646.902029401
450906.0680510648,3951646.864392306
450906.1434348336,3951646.86397554
450906.2187164106,3951646.84507364
450906.1735883411,3951646.863808834
450906.2037418532,3951646.863642128
450906.3091769334,3951646.844573523
450906.354407197,3951646.844323465
450906.3844585062,3951646.825671625
450906.5351238555,3951646.806352966
442373.9659679936,-1930429.028805071
450906.6556356908,3951646.787201012
450906.7760453337,3951646.749563926
450906.8362501566,3951646.730745385
450906.9418896317,3951646.748647056
450906.9720431419,3951646.748480353
450907.0773760325,3951646.710926621
450907.8761027296,3951777.548304827
450907.2279391862,3951646.67312284
450907.3181953246,3951646.635652463
450907.3934769014,3951646.616750575
450907.4687584806,3951646.597848685
450907.5591168144,3951646.578863446
450907.6042448812,3951646.56012826
450907.6646540963,3951646.578279992
450907.7549102352,3951646.54080962
450907.8451663794,3951646.50333925
450907.9355247149,3951646.484354015
450908.0258830485,3951646.465368781
450908.2215742813,3951646.408829832
450908.3270093731,3951646.389761251
450908.4323422757,3951646.352207536
214252020.7621228,128967342.2869321
450908.673979119,3951646.424814491
450908.734183948,3951646.405995962
450908.9150028157,3951646.386510645
450909.0354124754,3951646.34887359
450909.1408475671,3951646.329805019
450909.2462826616,3951646.310736449
450909.3667945112,3951646.291584533
450909.4872041717,3951646.253947484
450909.6076138332,3951646.216310438
450909.6980743643,3951646.215810355
450909.8486375368,3951646.178006617
450909.9540726345,3951646.158938055
450910.0595077326,3951646.139869497
450910.1197125663,3951646.121050975
450910.1649428289,3951646.120800936
450910.3757108442,3951646.064178688
450910.420941107,3951646.063928651
450910.5714021,3951646.007639791
450910.6616582588,3951645.97016945
450910.7219652795,3951645.969836068
450910.857145145,3951645.87666029
450910.9475034929,3951645.857675085
450911.0529385965,3951645.838606537
450911.1582715145,3951645.801052857
450911.2636044333,3951645.763499176
450911.3088347022,3951645.763249143
450911.4593978912,3951645.725445432
442379.7914620756,-1930430.08172199
450911.6700637317,3951645.65033808
450911.7904734103,3951645.612701063
450912.0318036916,3951645.629852706
450912.1372388002,3951645.610784171
450912.2425717252,3951645.573230503
450912.3629814071,3951645.535593493
450912.4684165173,3951645.51652496
450912.5737494425,3951645.478971296
450912.6339542881,3951645.460152794
450912.7845174876,3951645.422349106
450912.8898504152,3951645.384795446
450912.9500552597,3951645.365976945
450913.2061557557,3951645.327589874
450913.2965141162,3951645.308604694
450913.401949231,3951645.289536174
450913.4922054086,3951645.252065862
450913.5359029607,3951644.974538823
450913.6728199424,3951645.195610373
450913.7631783051,3951645.176625196
450913.8685112419,3951645.139071549
450913.9587674207,3951645.101601241
450914.0642025393,3951645.082532729
450914.1398928667,3951645.137571435
450914.2301490489,3951645.100101129
450914.335584168,3951645.08103262
450914.440917106,3951645.043478978
450914.5462500494,3951645.005925337
450914.63650623,3951644.968455036
450914.7268645969,3951644.949469871
450914.8321975404,3951644.911916234
450914.9225559036,3951644.89293107
450914.9677861768,3951644.892681056
-4.121112437366501e+43,-6.258783486765735e+47
450915.2539380306,3951644.835642233
450915.3593731573,3951644.816573738
450915.4648082819,3951644.797505242
450915.5251153103,3951644.797171893
450915.5853201642,3951644.778353411
450915.6305504379,3951644.7781034
450915.9167022994,3951644.7210646
450915.9769071523,3951644.702246119
450916.0371120077,3951644.68342764
450916.2931103623,3951644.626555524
450916.4136222485,3951644.607403705
450916.5340319602,3951644.569766751
450916.5942368131,3951644.550948277
450916.7750557356,3951644.531463119
450916.895567624,3951644.512311307
450916.9558746565,3951644.511977969
450917.1365914022,3951644.474007686
450917.2720778788,3951644.436287408
450917.3925897694,3951644.417135601
450917.4979227299,3951644.379581997
450917.5581275883,3951644.360763527
450917.6183324492,3951644.341945058
450917.859356235,3951644.303641456
450917.9498167846,3951644.303141457
450918.0552519205,3951644.284072994
450918.1455081296,3951644.246602729
450918.2358665062,3951644.227617598
450918.9430966426,3951753.085999246
450918.386429749,3951644.189814006
450918.4167876024,3951644.22661761
450918.4769924682,3951644.207799147
450918.6576070558,3951644.151343761
450918.7630421925,3951644.132275306
450918.8834519272,3951644.094638385
450918.9436567879,3951644.075819924
450919.1243735551,3951644.037849683
450919.2447832855,3951644.000212767
450919.3652951836,3951643.981060986
450919.4706281597,3951643.943507405
450919.6662173488,3951643.868483575
450919.7866270838,3951643.830846666
450919.9221135784,3951643.79312643
450920.0274465567,3951643.755572855
450920.1328817031,3951643.736504415
450920.2533936088,3951643.717352648
450920.3738033482,3951643.679715747
450920.4792384963,3951643.660647312
450920.584571476,3951643.623093744
450920.7053898849,3951643.659397385
450920.8259017928,3951643.640245624
450920.8861066652,3951643.621427179
450921.0668234493,3951643.583456975
450921.1872331937,3951643.545820087
450921.29256618,3951643.508266526
450921.4280526857,3951643.470546314
450921.5635391901,3951643.432826102
450921.6688721816,3951643.395272546
450921.729077055,3951643.376454106
450921.9393343826,3951643.227406461
450920.1903280608,3951643.218587338
450922.1802560524,3951643.170617844
450922.2855890471,3951643.133064296
450922.4061009652,3951643.113912558
450922.5415874813,3951643.076192361
450922.6769718389,3951643.019987033
450922.7973815975,3951642.982350166
450922.9178935187,3951642.963198435
450923.0232265189,3951642.925644895
450923.1440449244,3951642.96194857
450923.249480091,3951642.942880167
450923.3096849661,3951642.924061737
450923.5807601774,3951642.86710651
450923.7011699417,3951642.829469654
450923.821579707,3951642.791832801
450923.911938112,3951642.772847731
450924.032347879,3951642.73521088
450924.1527576469,3951642.69757403
450924.3939858173,3951642.696240875
450924.5144977478,3951642.677089166
450924.5747026341,3951642.658270744
450924.7854708137,3951642.601648842
450924.92085519,3951642.545443548
450924.981060078,3951642.526625129
450925.1767515024,3951642.470086555
450925.2972634351,3951642.450934856
450925.4327499753,3951642.413214705
450925.5569395242,3951643.059527841
450925.6433138518,3951642.319622551
450925.7788003932,3951642.281902406
450925.9143890909,3951642.262667397
450926.0347988728,3951642.225030574
450926.1553108152,3951642.205878886
450926.2756184421,3951642.149756932
450926.3358233333,3951642.130938523
450926.516540167,3951642.092968432
450926.6368478,3951642.036846485
450926.7572575902,3951641.999209671
450926.7867981883,3951641.88813223
450927.0276177751,3951641.812858609
450927.147925415,3951641.756736667
450927.2683352088,3951641.719099861
450927.3887450036,3951641.681463057
450927.5241294098,3951641.625257804
450927.5843343093,3951641.606439401
450927.7650511565,3951641.568469337
450927.8252560569,3951641.549650938
450928.0958205812,3951641.400270177
450928.2313071464,3951641.362550069
450928.3518191001,3951641.343398413
450928.50238243,3951641.305594993
450928.6378690007,3951641.26787489
450928.7583809587,3951641.248723239
450928.8938675267,3951641.21100314
450928.9540724295,3951641.19218475
450929.1498660581,3951641.154131397
450929.285352629,3951641.116411306
450929.3452510913,3951641.042137514
450929.5104826072,3951640.930310261
450929.6309945693,3951640.911158622
450929.7515065296,3951640.892006984
450929.8568395844,3951640.854453526
450929.977351546,3951640.835301892
450930.0978635126,3951640.816150258
450930.1429916569,3951640.797415187
450930.2031965651,3951640.778596805
450930.2635036244,3951640.778263557
450930.5642217355,3951640.628716248
450930.6695547944,3951640.5911628
450930.7900667634,3951640.572011177
450930.8953998239,3951640.534457731
442455.2549630369,-1948874.24287389
450931.0610399442,3951640.496571044
450931.1061680944,3951640.477835978
450931.3320131295,3951640.42113092
450931.4525251021,3951640.401979306
450931.4976532536,3951640.383244241
450931.6935490509,3951640.363676081
450931.8139588821,3951640.326039338
450931.9192919497,3951640.288485904
450932.0398039252,3951640.269334297
450932.1451369921,3951640.231780867
450932.1902651459,3951640.213045806
450932.3409306545,3951640.193727586
450932.4613404905,3951640.156090851
450932.5666735628,3951640.118537426
450932.6721087771,3951640.099469136
450932.8387703157,3951640.246433822
450932.9591801531,3951640.208797094
450933.0794878535,3951640.152675234
450933.1849230683,3951640.13360695
450933.2903582837,3951640.114538667
450933.3956913598,3951640.076985252
450933.5162033433,3951640.057833666
450933.6366131859,3951640.020196946
450933.7420484035,3951640.001128669
450933.8473814828,3951639.963575258
450934.0290176329,3951640.091971528
450934.1495296151,3951640.07281995
450934.3903493106,3951639.997546531
450934.4505542305,3951639.978728177
450934.6162965123,3951639.95932669
450934.7367063608,3951639.921689987
450934.8571162101,3951639.884053283
450934.9774239263,3951639.82793145
450935.0978337757,3951639.79029475
450935.173524012,3951639.845333634
450935.2939338642,3951639.807696937
450935.3540366562,3951639.770393455
450935.5346514363,3951639.713938415
450935.6550612917,3951639.676301723
450935.7754711481,3951639.638665034
450935.8957788711,3951639.582543212
450936.0311633636,3951639.526338088
450936.2720852182,3951639.469549855
450936.3780311144,3951639.542907279
450936.5136198744,3951639.523672431
450936.6340297363,3951639.486035753
450936.7545417318,3951639.466884211
450936.814746667,3951639.448065874
450937.0105403605,3951639.410012696
450937.1309502259,3951639.372376024
450937.251462224,3951639.353224488
450937.311667161,3951639.334406156
450937.4925883527,3951639.333406557
450937.6279728564,3951639.277201457
450937.6881777946,3951639.258383126
450937.748484859,3951639.258049929
450937.8086897953,3951639.239231598
450938.1099187355,3951639.182110218
467229.9089872141,655872840041.896
450938.3508406095,3951639.12532204
450938.4110455501,3951639.106503714
450938.4864293819,3951639.106087224
450938.7273512649,3951639.049299056
450938.7875561999,3951639.030480732
450938.8477611421,3951639.011662408
450938.9080682059,3951639.011329219
450938.9682731484,3951638.992510896
450939.0284780844,3951638.973692573
450939.4500147976,3951638.860449461
450939.5704246804,3951638.822812824
450939.6909366884,3951638.803661321
450939.8264233444,3951638.765941389
450939.9469353559,3951638.74678989
450940.0969881481,3951638.616561
450940.2175001622,3951638.597409504
450940.3379100516,3951638.559772876
450940.4733967117,3951638.522052955
450940.5937044787,3951638.465931197
450940.7291911366,3951638.42821128
450940.7893960868,3951638.40939297
450940.9850876929,3951638.352854747
450941.1205743587,3951638.315134837
450941.2711377934,3951638.277331635
450941.3611899099,3951638.202891339
450941.5866265743,3951638.072246009
450941.7521646587,3951638.015874387
450941.8876513327,3951637.97815449
450942.0080612373,3951637.940517885
450942.1434457899,3951637.884312856
450942.294009236,3951637.846509672
450942.4294959103,3951637.808789781
450942.5649825901,3951637.771069893
450942.700469269,3951637.733350005
450942.911135555,3951637.658243402
450943.0616990079,3951637.620440231
442469.584971893,-1948877.059916836
450943.3325702563,3951637.52651534
450943.3927752157,3951637.507697048
450943.468056942,3951637.488795466
450943.7390303211,3951637.413355723
450943.8143120488,3951637.394454144
450944.0100036979,3951637.337915989
450944.1304136175,3951637.300279413
450944.266206665,3951637.318014952
450944.341488397,3951637.299113378
450944.5522568206,3951637.242491946
450944.6726667483,3951637.204855378
450944.7479484797,3951637.185953806
450944.9438443744,3951637.16638594
450945.0191261068,3951637.147484371
450945.1847663464,3951637.109597948
450945.3053805032,3951637.108931656
450945.4258925503,3951637.089780233
450945.576456023,3951637.051977105
450945.7120448364,3951637.032742397
450945.8324547693,3951636.995105846
450945.9529668165,3951636.975954428
450946.0131717849,3951636.957136154
450946.193684574,3951636.882196196
450946.2991198558,3951636.86312807
450946.4195297956,3951636.825491525
450946.4797347637,3951636.806673252
450946.5399397342,3951636.787854983
450946.8855822285,3951636.582602978
450947.0059921723,3951636.544966441
450947.1265042279,3951636.525815041
450947.2017859723,3951636.506913491
206899701.9628254,126505899.4261677
450947.5181939415,3951636.468194282
450947.6537827677,3951636.448959606
450947.7742948282,3951636.429808213
450947.8947047752,3951636.392171688
450947.8647554548,3951636.42930852
450947.9250625353,3951636.428975393
450948.105779573,3951636.391005743
450948.1509077766,3951636.372270765
450948.2112148622,3951636.371937639
450948.4370601043,3951636.315233019
450948.4821883112,3951636.296498042
450948.6629053493,3951636.258528403
450948.723110328,3951636.239710148
450948.8886484898,3951636.183338662
450948.9495682193,3951636.293916343
450949.0698760684,3951636.237794701
450949.2053627967,3951636.200074915
450949.2655677769,3951636.181256662
450949.4461827143,3951636.124801906
450949.5063876932,3951636.105983655
442477.2099250365,-1948878.550101663
450949.8074126005,3951636.011892406
450949.8676175809,3951635.993074157
450950.0632071971,3951635.918051002
450950.2883377317,3951635.731950493
450950.348542715,3951635.713132249
450950.5292597723,3951635.67516265
464542.9435583116,655872495045.8872
450950.7700797195,3951635.599889677
450950.8302847023,3951635.581071435
450950.9055664621,3951635.562169918
450950.9657714478,3951635.543351675
450951.0259764382,3951635.524533434
450951.0861814244,3951635.505715194
450951.221668172,3951635.46799544
450951.6732566399,3951635.336101225
450951.7937687211,3951635.316949887
450951.9141787018,3951635.279313418
450952.0497675569,3951635.260078809
450952.3055621979,3951635.16623747
450952.4259721828,3951635.128601008
450952.5012539497,3951635.109699503
144394831.0094337,104013809.9735706
450952.8482239328,3951635.144754472
450952.9686339202,3951635.107118017
450953.1041206791,3951635.069398291
450953.2396074415,3951635.031678565
450953.3750942074,3951634.993958843
450953.510580972,3951634.956239124
450953.5858627448,3951634.937337628
450953.6460677377,3951634.918519406
450953.9171433739,3951634.861565107
450953.9924251437,3951634.842663616
450954.2026832032,3951634.693616746
450954.3382720738,3951634.674382172
450954.3984770725,3951634.655563956
450954.4738609451,3951634.655147601
450954.7298598159,3951634.5982766
450954.850269816,3951634.56064017
450954.9706798194,3951634.523003743
450955.091089826,3951634.485367317
450955.2265766076,3951634.447647623
450955.3469866141,3951634.4100112
450955.5431888651,3951634.445898969
450955.6634967797,3951634.389777417
450955.7840088838,3951634.370626134
450955.9194956654,3951634.33290645
450956.0399056761,3951634.295270037
450956.1753924644,3951634.257550357
450956.2958024796,3951634.219913949
442485.0478444775,-1948880.316271306
450956.5367245994,3951634.163126267
450956.6571346149,3951634.125489863
450956.7173396243,3951634.10667166
450956.7775446292,3951634.08785346
450956.8377496413,3951634.069035259
450956.8979546491,3951634.050217059
450956.958057569,3951634.012913725
450957.093544363,3951633.975194059
450957.5298520364,3951633.806413144
450957.665236747,3951633.750208352
450957.7856467727,3951633.712571964
450957.921133577,3951633.674852312
450958.1313917312,3951633.525805536
450958.2668785374,3951633.488085889
450958.3872885692,3951633.450449508
450958.5076986018,3951633.412813128
450958.6009535431,3951628.458131227
450958.7334418945,3951633.337623639
450958.8538519302,3951633.299987264
450958.9893387427,3951633.262267627
450959.1249276446,3951633.243033128
450959.1851326625,3951633.224214942
450959.5167196554,3951633.203898034
450959.5769246766,3951633.185079852
450959.7575397422,3951633.128625308
450959.893026561,3951633.090905686
450959.9532315792,3951633.072087505
450960.0286154625,3951633.071671199
450960.2845123287,3951632.996315225
450960.4350759304,3951632.95851235
450960.4953830382,3951632.958179308
450960.5555880609,3951632.939361133
206898411.3735914,126506903.5012757
450960.9165119629,3951632.770996687
450960.9767169923,3951632.752178515
450961.051998794,3951632.733277082
450961.2930230641,3951632.694974666
450961.3984584254,3951632.675906719
450961.4586634517,3951632.657088549
450961.5188684784,3951632.63827038
450961.5791755883,3951632.637937346
450961.8803028108,3951632.562331643
450962.0462494446,3951632.579900938
450962.1515827269,3951632.542347867
450962.2117877534,3951632.523529702
450962.392402846,3951632.467075211
450962.5128129106,3951632.429438886
450962.573017941,3951632.410620726
450962.7536330381,3951632.354166242
450962.8740431032,3951632.316529922
450962.9944531671,3951632.278893605
450963.1149653142,3951632.259742422
450963.2508604709,3951632.295963386
450963.3110655014,3951632.277145228
450963.4917826846,3951632.239175894
450963.6121927545,3951632.201539585
450963.6723977885,3951632.18272143
450963.8531149729,3951632.144752103
450963.9133200079,3951632.12593395
450964.0940371966,3951632.087964629
461908.6238522087,655872142813.4271
450964.365010902,3951632.012525519
450964.4253180136,3951632.012192504
450964.6211119824,3951631.974139939
450964.7416241367,3951631.954988779
450964.8621362892,3951631.935837619
450964.9825463709,3951631.898201328
450965.1029564491,3951631.860565039
450965.178238269,3951631.841663642
450965.2384433064,3951631.822845499
450965.4944423255,3951631.76597481
450965.6149544843,3951631.746823661
450965.8555705118,3951631.634580835
450965.9157755543,3951631.615762695
450966.0814159828,3951631.577876666
450966.2018260696,3951631.540240392
442534258.7062541,193770399.013612
450966.4577230299,3951631.464884598
450966.5781331221,3951631.427248328
450966.6985432176,3951631.389612061
450966.8038765352,3951631.352059045
450966.8332135308,3951631.204011477
450966.9536236305,3951631.166375213
450967.0590590186,3951631.147307334
450967.1192640669,3951631.128489202
450967.1794691177,3951631.109671072
450967.4203913849,3951631.052883689
450967.5558782707,3951631.015164184
450967.6763904415,3951630.996013063
450967.796800545,3951630.958376812
450967.9472621416,3951630.902088929
450968.0977237447,3951630.845801054
450975.4548862819,3951630.749723878
450968.3083903958,3951630.770695055
450968.519159121,3951630.714074196
450968.6547480802,3951630.694839844
450968.7903370375,3951630.675605491
450968.9259259954,3951630.65637114
450968.9861310553,3951630.637553023
450969.1819250725,3951630.599500558
450969.3024372497,3951630.580349461
450969.5433595463,3951630.523562135
450969.6036666676,3951630.523229155
450969.8145374724,3951630.485093459
450970.0705365575,3951630.428222904
450970.1307416144,3951630.409404794
450970.2060234589,3951630.39050344
450970.4468437039,3951630.315231006
450970.5673558898,3951630.296079923
450970.6274588891,3951630.258776683
450970.8532023602,3951630.183587504
450970.9134074248,3951630.1647694
450970.9735104264,3951630.127466162
450971.2294074658,3951630.052110507
450971.2895104741,3951630.01480727
450971.4701256728,3951629.958352966
450971.6056125872,3951629.920633523
450971.6658176505,3951629.901815424
450971.7410995025,3951629.882914084
450972.0003644997,3951630.417567852
450972.1174066946,3951629.769922257
450972.2378168327,3951629.732286064
450972.2980218987,3951629.71346797
450972.4787391699,3951629.67549882
450972.5389442368,3951629.656680726
450972.7346362345,3951629.600143207
450972.8702252187,3951629.580908918
450972.9906353648,3951629.543272737
450973.1261222892,3951629.505553317
450973.2616092147,3951629.467833899
450973.3971981997,3951629.44859962
450973.5929922651,3951629.410547253
450973.8038631074,3951629.372411653
450973.93935004,3951629.334692248
450974.0748369783,3951629.296972842
450974.1501188334,3951629.278071523
450974.3608876294,3951629.221450803
450974.481297784,3951629.183814642
450974.6168867779,3951629.164580379
450974.7667361277,3951628.997381816
450974.9022230722,3951628.959662424
450975.0378120705,3951628.940428168
450975.1732990146,3951628.90270878
450975.3087859576,3951628.864989394
450975.4442729017,3951628.827270011
450975.5195547704,3951628.808368704
450975.5797598539,3951628.78955063
450975.6550417208,3951628.770649324
450975.7152468026,3951628.751831251
450976.1819127411,3951628.619855057
450976.3173996948,3951628.582135687
450976.3473491645,3951628.544998953
450976.513091739,3951628.525598252
450976.7087837834,3951628.469060822
450976.8291939555,3951628.431424694
450976.9645788684,3951628.3752202
450977.1000658312,3951628.337500842
450977.235552793,3951628.299781486
450977.3860144898,3951628.243493767
450977.5364761932,3951628.187206051
450977.6719631589,3951628.149486702
450977.8074501281,3951628.111767355
450977.9278603094,3951628.074131242
441551.7318703541,-1580157.921960965
450978.1839615607,3951628.035746055
450978.3345253158,3951627.997943484
450978.4700122853,3951627.960224147
450978.6205760452,3951627.922421583
450978.7561650664,3951627.903187384
450978.951653047,3951627.809679737
450979.0269349267,3951627.790778459
450979.2377037874,3951627.734157856
450979.3581139842,3951627.696521761
450979.4936009671,3951627.65880244
450979.5688828469,3951627.639901165
450979.6289859058,3951627.602597987
450979.8999598731,3951627.527159356
450980.0354468607,3951627.489440043
450980.1710358866,3951627.470205865
442534097.1071417,193773818.0363321
450980.4871381822,3951627.376032437
450980.6075483866,3951627.338396359
450980.7129838471,3951627.319328643
450980.8183172675,3951627.281775795
450980.9236506888,3951627.244222948
450981.0290861488,3951627.225155233
450981.0742144684,3951627.206420425
450981.1944205981,3951627.131814089
450981.2696004485,3951627.094427696
450981.3146267298,3951627.057207755
450981.4348328659,3951626.982601423
450981.4797571071,3951626.926896349
450981.5848864577,3951626.852373242
450981.6149379892,3951626.833721659
450981.6901178485,3951626.796335271
450981.7502209174,3951626.759032107
450981.7651956677,3951626.74046375
450981.8705290993,3951626.702910914
450981.9308362458,3951626.702578017
450982.0061181432,3951626.683676765
450982.0361696785,3951626.665025183
450982.0814000431,3951626.664775512
450982.2469385841,3951626.608404653
450982.3371952347,3951626.570935047
450982.3671447316,3951626.533798333
450982.4876569921,3951626.514647415
450982.5779136423,3951626.477177809
450982.8776127382,3951626.14278096
450982.9982270409,3951626.142115181
450983.1338160954,3951626.122881048
450983.2544303982,3951626.122215273
450983.3447890908,3951626.103230812
450983.465403394,3951626.10256504
450983.5860176971,3951626.101899269
450983.7066320025,3951626.101233501
450983.7669391528,3951626.100900616
450983.8423230932,3951626.100484512
450983.9026302436,3951626.10015163
450984.204063969,3951626.080002087
450984.3245762392,3951626.060851194
450984.4753441227,3951626.060018996
450984.610933179,3951626.040784886
442455.4012226739,-1926761.253227639
450984.8821113004,3951626.002316674
450985.0326751168,3951625.964514219
450985.168264178,3951625.945280118
450985.3188279989,3951625.907477668
450985.5598525488,3951625.869175912
450985.7105184027,3951625.849858602
450985.8610822227,3951625.812056161
450985.9213893772,3951625.811723292
450986.147337144,3951625.77350477
450986.2980029983,3951625.75418747
450986.4335920676,3951625.734953389
450986.5690791087,3951625.697234175
450986.6443610216,3951625.678332963
450986.8400531877,3951625.621795758
450986.870614878,3951625.695569857
68558987.97454518,71160648.56995077
450987.1566657524,3951625.620048235
450987.2319476671,3951625.601147025
450987.4427166292,3951625.544526619
450987.5782036751,3951625.506807421
450987.8643565893,3951625.449770953
450987.9245617159,3951625.430952965
450988.1353306885,3951625.374332575
450988.1502034293,3951625.337279094
450988.3005632182,3951625.26250643
450988.3758451428,3951625.243605231
450988.5867161445,3951625.205469985
450988.7222032002,3951625.167750804
450988.8728690698,3951625.148433549
450988.9331762285,3951625.1481007
450989.1439452117,3951625.091480333
450989.2945090606,3951625.053677951
450989.3548162201,3951625.053345105
450989.3849697963,3951625.053178682
450989.5507124607,3951625.033778227
450989.6109176005,3951625.014960249
450989.8217886101,3951624.976825032
450989.9573776957,3951624.957591005
450990.0326596239,3951624.93868982
450990.228351829,3951624.88215269
450990.3637368734,3951624.825948402
450990.4390188059,3951624.807047222
441566.7674756647,-1580161.112768252
450990.8608628675,3951624.749261966
450990.93604278,3951624.711875655
450991.1316329744,3951624.636853413
450991.19183812,3951624.618035445
450991.3723515261,3951624.543096417
450991.492761813,3951624.505460489
450991.6281468754,3951624.449256219
450991.7334803742,3951624.411703502
450991.8538906643,3951624.374067578
450991.959224165,3951624.336514863
450992.0497869223,3951624.354500756
450992.1551204263,3951624.316948042
450992.2153255739,3951624.298130083
450992.3808642274,3951624.241759414
450992.4861977317,3951624.204206704
450992.5915312323,3951624.166653997
450992.7119415338,3951624.129018085
450992.7721466815,3951624.110200128
450992.9376853374,3951624.053829471
450993.058197652,3951624.034678695
450993.1638372056,3951624.052581394
450993.2240423546,3951624.033763441
450993.2842475062,3951624.01494549
450993.3444526581,3951623.996127538
450993.6606572192,3951623.920439715
450993.7961443195,3951623.882720614
450993.931631414,3951623.845001514
450994.1725540409,3951623.788214861
450994.2930663616,3951623.769064103
450994.5490657887,3951623.712194258
450994.6092709405,3951623.693376313
206237342.2886255,126287122.6339051
450994.7448600549,3951623.674142361
450994.8050652144,3951623.655324419
450995.1814749577,3951623.560818708
450995.2416801142,3951623.542000771
450995.437372384,3951623.485463756
450995.5577827015,3951623.447827883
450995.6179878573,3951623.429009947
450995.7990113764,3951623.446496672
450995.8593185463,3951623.446163871
450995.9195237049,3951623.427345937
450996.1603443465,3951623.352074205
450996.2958314656,3951623.314355141
450996.4162417866,3951623.27671928
450996.5365501057,3951623.220598286
450996.672037219,3951623.182879229
450996.7473191781,3951623.163978103
450996.8075243404,3951623.145160175
450997.0481409838,3951623.032918202
450997.10834615,3951623.014100275
450997.2889616476,3951622.957646499
450997.4093719776,3951622.920010652
450997.5296803075,3951622.863889673
450997.6499886345,3951622.807768695
450997.7853737605,3951622.751564522
450997.9056820951,3951622.695443548
450997.965887263,3951622.676625628
450998.0259904289,3951622.639322575
442471.07572809,-1926764.546318437
450998.1311199644,3951622.564799669
450998.1912231317,3951622.527496617
450998.5971745265,3951622.321913863
450998.717482872,3951622.265792901
450998.7776880444,3951622.246974986
450998.9582015653,3951622.172036112
450999.078611915,3951622.134400287
450999.1839454692,3951622.096847658
450999.244150646,3951622.078029746
450999.3342034062,3951622.003590049
450999.4092813728,3951621.947718677
450999.7400528477,3951621.779522215
450999.8002580301,3951621.760704307
450999.9808735673,3951621.704250587
451000.1012839276,3951621.666614776
451000.1464123119,3951621.647880065
451000.2967722686,3951621.573107603
451000.4171826317,3951621.535471797
451000.5224142016,3951621.479434052
451000.5675425855,3951621.460699341
451000.7181065419,3951621.422897154
451000.8384149125,3951621.366776221
451000.9587232825,3951621.310655288
451001.0790316539,3951621.254534359
451001.1992380288,3951621.179928296
206236686.788164,126287899.1359259
451001.4396507849,3951621.030716175
451001.5598571661,3951620.95611012
451001.664986753,3951620.881587256
451001.8154487316,3951620.825299954
451001.9205783199,3951620.750777093
451002.0258099106,3951620.694739363
450259.4026350259,3951624.767935163
451002.2212982883,3951620.601232235
451002.3265298804,3951620.545194512
451002.4468382705,3951620.4890736
451002.5520698631,3951620.433035878
451002.6723782608,3951620.376914969
451002.7776098538,3951620.320877251
451002.9880730528,3951620.208801818
451003.1083814562,3951620.152680914
451003.2286898542,3951620.096560013
451003.2738182554,3951620.077825318
451003.4392550596,3951620.002969725
451003.559563464,3951619.946848827
451003.6197686597,3951619.928030946
451003.7851034795,3951619.834690226
451003.8904370825,3951619.797137653
451003.9506422798,3951619.778319775
451004.0705427232,3951619.648258353
451004.1306459372,3951619.610955343
451004.2810059565,3951619.536182951
451004.4013143724,3951619.480062067
451004.5065459912,3951619.42402437
451004.6267524217,3951619.349418355
451004.7319840436,3951619.29338066
451004.8372156667,3951619.237342966
451004.8973188843,3951619.20003996
451005.0475769249,3951619.106782449
451005.2428613922,3951618.976305121
451005.7368785848,3951689.385597044
451005.3931194423,3951618.883047617
451005.4532226647,3951618.845744615
451005.4983510767,3951618.827009931
451005.5584542977,3951618.78970693
451005.6034807239,3951618.752487113
451005.663583941,3951618.715184113
451006.0992813318,3951618.435494808
451006.1443077574,3951618.398274995
451006.4145683135,3951618.19344125
451006.5196979735,3951618.118918445
451006.6398024496,3951618.025827325
451006.8050353477,3951617.914001529
451006.850061779,3951617.876781718
451006.9100630307,3951617.820993595
206236095.6507392,126288996.081625
451007.0302694982,3951617.746387613
451007.4206345842,3951617.448462788
451007.5708926852,3951617.355205319
451007.6909971826,3951617.262114215
451007.7960248825,3951617.16910629
451007.90105258,3951617.076098369
451008.0211570871,3951616.983007269
451008.1262867725,3951616.908484481
451008.1862880341,3951616.852696367
451008.3513170077,3951616.703900335
451008.4715235046,3951616.629294374
451008.5315247749,3951616.57350626
451008.7112226303,3951616.350686528
451008.7713258859,3951616.313383548
451008.9515336626,3951616.182989483
451009.0565613862,3951616.089981575
451009.5991223885,3951616.050016926
451009.2968724321,3951615.92228454
451009.4170789451,3951615.847678592
451009.552260287,3951615.754504335
451009.6572880219,3951615.661496434
451009.7773925641,3951615.568405358
451010.0177036353,3951615.400708343
451010.0777049235,3951615.344920243
451010.2428359333,3951615.214609379
451010.3630424662,3951615.140003443
451010.4231457345,3951615.102700477
451010.5881747782,3951614.953904488
451010.7082793395,3951614.860813425
451010.8133070972,3951614.767805538
451010.9334116635,3951614.674714478
451010.9934129578,3951614.618926382
451011.1722951047,3951614.24822564
451011.2773228745,3951614.155217759
451011.3821466935,3951614.025239613
451011.487072492,3951613.913746602
451011.5919982908,3951613.802253593
451011.696822121,3951613.672275453
451011.8017479253,3951613.560782445
451011.8466724243,3951613.505077529
451011.8915969283,3951613.449372612
451011.9366234013,3951613.412152828
451011.9814459312,3951613.337962781
451012.2811465677,3951613.003566946
451012.3856644948,3951612.818133415
451012.4909982164,3951612.780580948
451012.5960260175,3951612.687573082
451012.6409505281,3951612.63186817
451012.7909028425,3951612.483155395
451012.8358273554,3951612.427450484
451012.8807518689,3951612.371745573
451012.9407531911,3951612.315957491
451013.2255810347,3951612.018615125
451013.3455836914,3951611.907038966
451013.4506115118,3951611.814031112
451013.5555373625,3951611.702538126
451013.7654910432,3951611.498037291
451013.8104155673,3951611.442332384
451013.9603679238,3951611.29361963
451014.0052924432,3951611.237914725
451014.1701176803,3951611.05214854
451014.2898144512,3951610.885116997
451014.3796635104,3951610.773707191
451014.4245880398,3951610.718002288
451014.4845893852,3951610.662214216
451014.6641855438,3951610.420909476
451014.7540346125,3951610.309499673
451014.8438836836,3951610.198089872
451014.9337327591,3951610.08668007
451015.0234798637,3951609.956785139
451015.1133289416,3951609.845375339
451015.2482045299,3951609.696745776
451015.3380536134,3951609.585335979
451015.3679013397,3951609.529714247
451015.4127239138,3951609.455524217
451015.5622684608,3951609.232870961
451015.6371427068,3951609.140029468
451015.7119149803,3951609.028702842
451015.7417627108,3951608.973081111
451015.8614595421,3951608.806049592
451015.8212136085,3951587.84349403
451015.9963351613,3951608.657420039
451016.0412597092,3951608.601715144
451016.2058811038,3951608.378978734
451016.2807553593,3951608.286137246
451016.355527655,3951608.174810625
451016.4302999481,3951608.063484007
451016.5050722477,3951607.952157386
451016.5797425793,3951607.822345636
451016.6545148781,3951607.711019018
451016.7292871836,3951607.599692402
451016.7744156715,3951607.580957776
451016.9542158894,3951607.376623348
451017.0289881945,3951607.265296733
451017.0886836892,3951607.154053284
451017.1633540362,3951607.024241539
451017.223049532,3951606.91299809
451017.2979238129,3951606.820156611
451017.3727980932,3951606.727315132
451017.4325955572,3951606.634556816
451017.4918832032,3951606.449372841
451017.5517826336,3951606.375099659
451017.5816303872,3951606.319477936
451017.6714795324,3951606.208068163
451017.7312770009,3951606.115309852
451017.7911764379,3951606.041036671
451017.8362029734,3951606.003816918
451017.86605073,3951605.948195196
451017.9857476382,3951605.781163706
451018.0156973611,3951605.744027117
451018.0152895119,3951605.670086586
451018.0743732501,3951605.447932352
451017.3802276406,3951605.340847049
451018.1488397067,3951605.281150351
451018.2384849461,3951605.132770321
451018.2980785068,3951605.003041747
451018.3577740308,3951604.891798306
451018.4174695541,3951604.780554867
451018.447215355,3951604.706448014
451018.5215798616,3951604.521180885
451018.476553311,3951604.558400635
451018.4910183669,3951604.447406679
451018.520866133,3951604.391784961
451018.595128683,3951604.188032698
451018.6991370397,3951603.910173588
451018.728984809,3951603.854551869
451018.7587306181,3951603.780445017
451018.7884764252,3951603.706338167
451018.8183241912,3951603.650716449
451018.9665434404,3951603.187756537
451019.0261370253,3951603.05802797
451019.0706537812,3951602.928382562
451019.1302473717,3951602.798653994
451019.1898409594,3951602.668925429
451019.2196887361,3951602.613303712
451019.2940532749,3951602.428036589
451019.3385700426,3951602.298391185
451019.3830868093,3951602.168745779
451019.4426804075,3951602.039017215
451019.4105895234,3951601.687966025
451019.4561258884,3951601.743171942
451019.5006426598,3951601.613526538
451019.5452613915,3951601.502366266
451019.5747013364,3951601.372804022
451019.634294943,3951601.243075459
451019.6788117219,3951601.113430057
451019.7235324194,3951601.020754918
451019.7680491961,3951600.891109515
451019.7978969804,3951600.8354878
451019.9026191282,3951600.68702463
451019.9472378721,3951600.575864361
451020.0367812324,3951600.408999219
451020.1112477654,3951600.242217236
451020.1410955539,3951600.186595523
451020.2004852642,3951600.0198967
451020.2601808445,3951599.908653275
451020.2749518036,3951599.853114719
451020.3494183459,3951599.686332739
451020.4244966381,3951599.630461551
451020.4542424738,3951599.556354707
451020.4690134394,3951599.500816153
451020.5581489913,3951599.260010488
451020.6026657919,3951599.13036509
451020.6472845528,3951599.019204826
451020.6616476896,3951598.889725743
451020.7213432859,3951598.77848232
451020.7658600914,3951598.648836925
451020.7953000668,3951598.519274685
451020.7801212744,3951598.500872709
451020.779305624,3951598.352991654
451020.8238224373,3951598.223346258
451020.8385933983,3951598.167807704
451020.8533643643,3951598.112269152
451020.9275250693,3951597.890031781
451020.9569650476,3951597.760469542
451020.9865069825,3951597.649392436
451021.0310238003,3951597.519747041
451021.0604637836,3951597.390184803
451021.1200574374,3951597.260456251
451021.1645742567,3951597.130810857
451021.194014239,3951597.00124862
451021.2234542289,3951596.871686382
451021.2532000809,3951596.79757954
442508.9955275953,-1930477.933399305
451021.3268510275,3951596.482916516
451021.3415200444,3951596.408892831
451021.385527099,3951596.186821779
451021.4002980719,3951596.131283225
451021.4605034706,3951596.11246547
451021.5799966754,3951595.908463768
451021.5943598319,3951595.778984687
451021.5939520138,3951595.705044159
451021.607907353,3951595.501624553
451021.6222705106,3951595.372145473
451021.6214548751,3951595.224264419
451021.620741194,3951595.094868496
451021.6199255585,3951594.946987441
451021.6192118774,3951594.817591517
451021.6639326281,3951594.72491639
442532786.9900395,193801532.9035514
451021.6632189478,3951594.595520467
451021.6769703822,3951594.355130597
451021.676562565,3951594.28119007
451021.6912315889,3951594.207166386
451021.7192442328,3951593.818812305
451021.7485822855,3951593.670764938
451021.7629454511,3951593.54128586
451021.8226410937,3951593.430042446
451021.8372081665,3951593.33753363
451021.9110630726,3951593.059840875
451021.9257321006,3951592.985817193
451021.9546623474,3951592.763829299
451021.9840004056,3951592.615781934
451021.9987713887,3951592.560243384
451022.2840079931,3951592.336841854
451022.0571416511,3951592.208693257
451022.0865816663,3951592.079131025
451022.0709950546,3951591.986788521
451022.1004350733,3951591.857226288
451022.1001292132,3951591.801770892
451022.1291614129,3951591.598268133
451022.1438304455,3951591.52424445
451022.1728626565,3951591.320741691
451022.1724548438,3951591.246801164
451022.1872258305,3951591.191262613
451022.186818018,3951591.117322086
451022.1392425505,3951590.692413521
451022.1536057275,3951590.562934444
451022.1678669519,3951590.414970234
451022.1822301276,3951590.285491157
451022.1965933038,3951590.15601208
451022.2112623396,3951590.081988398
451022.2402945529,3951589.878485639
451022.2395808821,3951589.749089716
451022.2539440601,3951589.61961064
451022.2533323425,3951589.50869985
451022.2527206248,3951589.397789059
451022.2670838061,3951589.268309981
451022.2817528441,3951589.1942863
451022.2959121182,3951589.027836961
451022.2951984484,3951588.898441039
451022.3095616288,3951588.768961962
451022.3088479593,3951588.639566039
451022.308032337,3951588.491684986
451022.3072167147,3951588.343803932
451022.3064010924,3951588.19592288
451022.2005572724,3951588.141049567
451022.1998436014,3951588.011653646
451022.1990279775,3951587.863772593
451022.1832374544,3951587.734459826
451022.1824218303,3951587.586578773
451022.1816062062,3951587.438697718
451022.1959693878,3951587.309218642
451022.1951537639,3951587.161337589
451022.1937264223,3951586.902545746
451022.1626551381,3951586.736345871
451022.1619414669,3951586.606949949
214240004.1783528,128987584.4419857
451022.1608199836,3951586.403613501
451022.1746734021,3951586.181708767
451022.1738577783,3951586.033827713
451022.1730421544,3951585.885946661
451022.1726343425,3951585.812006134
451022.1714109067,3951585.590184555
451022.1706972359,3951585.460788634
451022.1394220408,3951585.257618496
451022.1386064166,3951585.109737442
451022.1381986045,3951585.035796917
451022.1369751683,3951584.813975337
451022.1361595441,3951584.666094285
451022.135751732,3951584.592153759
451022.1346302489,3951584.38881731
451022.1338146249,3951584.240936257
451022.1334068128,3951584.166995732
451022.1321833768,3951583.945174152
451022.1614195173,3951583.778641659
451022.1455270349,3951583.630843761
451022.145221176,3951583.575388366
451022.1439977405,3951583.353566787
451022.1431821169,3951583.205685735
451022.1273915863,3951583.076372968
451022.1266779155,3951582.946977049
451022.1108873819,3951582.817664281
451022.1100717579,3951582.66978323
451022.0942812237,3951582.540470465
442509.9384027372,-1930492.147323662
451021.9574679896,3951582.337882414
451021.9420852683,3951582.282510175
451021.9560406433,3951582.079090572
451021.9402501083,3951581.949777807
451021.9396383883,3951581.838867018
451021.9538996241,3951581.69090281
451021.9535937642,3951581.635447416
451021.9523703247,3951581.413625838
451021.9516566516,3951581.284229917
451022.0112504339,3951581.154501376
451022.0255116721,3951581.006537169
451022.0246960471,3951580.858656117
451022.0239823753,3951580.729260196
451022.03834557,3951580.599781122
451022.0526068098,3951580.451816915
451022.0517911854,3951580.303935864
451022.0661543744,3951580.174456787
451022.0804156155,3951580.02649258
451022.0797019447,3951579.897096661
451022.0335537756,3951579.730979942
451022.0328401042,3951579.601584022
451022.0321264328,3951579.472188102
451022.0464896277,3951579.342709027
451022.0461837687,3951579.287253632
451022.0601391477,3951579.083834032
214239784.5204753,128990583.5516499
451022.0588137589,3951578.843527323
451022.057998135,3951578.695646271
451022.0572844642,3951578.566250353
451022.0721574259,3951578.529196932
451022.0714437554,3951578.399801014
451022.0706281319,3951578.251919962
-4.121289532151083e+43,-6.25462058916739e+47
451022.0541239223,3951577.993211277
451022.0534102516,3951577.863815356
451022.0526965809,3951577.734419438
451022.0518809573,3951577.586538387
451022.0512692396,3951577.475627598
451022.0505555689,3951577.346231678
451021.9896363741,3951577.235653509
451021.9738458325,3951577.106340746
451021.9882090312,3951576.976861671
451021.9724184892,3951576.847548907
451021.9721126299,3951576.792093511
451021.9717048176,3951576.718152986
451021.9702774744,3951576.459361147
451021.9544869292,3951576.330048383
451021.9541810698,3951576.274592989
451021.9537732573,3951576.200652463
451021.9383905263,3951576.145280226
451021.9380846669,3951576.089824831
451021.9377788075,3951576.034369436
451021.9051781871,3951575.590892594
451021.9044645148,3951575.461496675
451021.904056702,3951575.38755615
451021.8878583437,3951575.18430286
451021.8874505309,3951575.110362335
451021.8862270924,3951574.888540758
451021.9004883409,3951574.740576552
451021.7795674878,3951574.685786401
451018.9505200714,3951061.723587954
451021.7780381865,3951574.408509431
451021.7772225593,3951574.26062838
451021.7765088854,3951574.131232461
451021.7756932582,3951573.983351413
451021.7749795843,3951573.853955492
451021.7746737241,3951573.798500099
451021.758373405,3951573.576761679
451021.7428887151,3951573.502904308
451021.8924340419,3951573.280251179
451021.87654154,3951573.132453285
451021.8606490376,3951572.98465539
451021.8290679355,3951572.726029863
451021.8283542627,3951572.596633944
451021.8124617565,3951572.448836049
214239606.6150313,128993248.4938778
451021.7808806539,3951572.190210523
451021.7804728406,3951572.116269997
451021.7801669805,3951572.060814603
451021.7938165131,3951571.80193961
451021.79310284,3951571.672543692
451021.7922872138,3951571.524662643
451021.7915735407,3951571.395266724
451021.7907579145,3951571.247385674
451021.7899422883,3951571.099504624
451021.7890247089,3951570.933138443
451021.8031840103,3951570.766689107
451021.8027761974,3951570.692748582
451021.6959126355,3951570.453023964
451021.695097008,3951570.305142913
451021.7093582624,3951570.157178709
451021.6934657529,3951570.009380814
451030.6030877906,3951569.812359346
451021.691834498,3951569.713618716
451021.6760439411,3951569.584305954
451021.6756361272,3951569.510365429
451021.6744126857,3951569.288543855
451021.6886739418,3951569.140579648
451021.6277546884,3951569.030001485
451021.62693906,3951568.882120436
451021.6416081254,3951568.808096754
451021.6554615702,3951568.586192026
451021.6546459425,3951568.438310976
451021.6538303148,3951568.290429927
451021.6686013396,3951568.234891379
451021.6681935259,3951568.160950854
451021.6817411102,3951567.88359073
451021.696002369,3951567.735626527
451021.6806196229,3951567.680254288
451021.6949828356,3951567.550775215
451021.6941672087,3951567.402894166
451021.7085304245,3951567.273415093
451021.7081226112,3951567.199474568
451021.7219760587,3951566.977569839
451021.7212623857,3951566.848173921
451021.7204467595,3951566.700292873
451021.7348099769,3951566.5708138
451021.7340963043,3951566.441417882
451021.7938940893,3951566.348659606
451021.8527743034,3951566.089535151
451021.8351485895,3951565.627490028
451021.8512450088,3951565.812258183
451021.8508371969,3951565.73831766
451021.850531338,3951565.682862265
451021.8501235262,3951565.608921741
451021.8497157143,3951565.534981217
451021.8321919528,3951565.091421227
451021.8313763289,3951564.943540179
451021.8455356432,3951564.777090845
451021.8447200197,3951564.629209796
451021.8288275046,3951564.481411903
451021.8281138338,3951564.352015985
451021.8119154591,3951564.1487627
451021.8108959292,3951563.96391139
451021.8100803053,3951563.816030341
-4.121292966287112e+43,-6.253649508730819e+47
451021.7933721644,3951563.520351398
451021.7470199962,3951563.317264424
451021.7462043714,3951563.169383376
451021.7454906998,3951563.039987458
451021.7446750751,3951562.89210641
451021.7593441569,3951562.818082731
451021.7581207203,3951562.59626116
451021.7574070489,3951562.466865243
451021.771566369,3951562.300415908
451021.7857256898,3951562.133966575
451021.784910066,3951561.986085527
451021.8895307638,3951561.819137262
451021.8888170946,3951561.689741346
451021.8884092835,3951561.615800823
451021.8722109043,3951561.412547536
451021.8714972349,3951561.283151621
451021.8710894238,3951561.209211097
451021.8706816128,3951561.135270573
451021.8841272685,3951560.839425321
451021.8837194576,3951560.765484798
451021.8825979776,3951560.562148357
451021.8665015495,3951560.377380203
451021.8506090288,3951560.22958231
451021.8498953594,3951560.100186394
451021.8340028379,3951559.952388502
451021.8332891683,3951559.822992585
451021.8324735459,3951559.675111539
451021.8316579235,3951559.527230491
451021.815765401,3951559.3794326
451021.8153575897,3951559.305492076
451021.8141341559,3951559.083670505
451021.8434723352,3951558.935623148
451021.8570199455,3951558.658263029
451021.8562043238,3951558.510381983
451021.8553887021,3951558.362500935
451021.8545730804,3951558.214619889
451021.8537574589,3951558.066738842
451021.8334809677,3951557.124080323
451021.83694736,3951557.752574772
451021.8357239274,3951557.530753202
451021.7887600196,3951557.216755443
451021.7879443971,3951557.068874395
451021.7720518704,3951556.921076505
451021.7712362477,3951556.773195458
451021.7705225779,3951556.643799542
451021.7697069554,3951556.495918494
451021.7838662854,3951556.329469163
451021.7831526158,3951556.200073247
451021.7823369936,3951556.052192201
451021.7815213714,3951555.904311154
451021.7355769807,3951555.775164704
451021.688918918,3951555.516622338
451021.6881032945,3951555.368741292
451021.7023645781,3951555.22077709
451021.7015489548,3951555.072896044
451021.7148926633,3951554.758565666
451021.7140770403,3951554.61068462
451021.7132614173,3951554.462803574
451016.4958352347,3951554.343695747
451021.6510166786,3951554.111918711
451021.6502010547,3951553.964037664
451021.6497932428,3951553.890097141
451021.6334928971,3951553.668358727
451021.6176003606,3951553.520560837
451021.6171925485,3951553.446620314
451021.6007902484,3951553.206396769
451021.584897713,3951553.058598879
451021.5844899007,3951552.984658355
451021.5839801352,3951552.892232703
451021.5685973646,3951552.836860465
451021.4753831555,3951552.338260869
451021.4745675291,3951552.190379823
451021.4736499495,3951552.024013648
451021.4577574103,3951551.876215756
451021.4572476437,3951551.783790104
451021.4408453372,3951551.543566559
451021.4249527968,3951551.39576867
451021.4239332631,3951551.210917364
451021.4231176362,3951551.063036318
451021.4224039628,3951550.933640403
451021.4216902893,3951550.804244489
451021.4358496242,3951550.637795156
451021.4350339976,3951550.489914111
451021.4342183711,3951550.342033066
451021.4483777072,3951550.175583736
451021.4500089596,3951550.471345825
451021.4466445016,3951549.861336513
451021.4457269222,3951549.694970339
451021.4451152026,3951549.584059554
451021.4441976233,3951549.417693378
451021.4433819972,3951549.269812333
451021.4425663712,3951549.121931288
451021.426571874,3951548.95564827
451021.4106793297,3951548.80785038
451021.4097617498,3951548.641484203
451021.3938692048,3951548.493686315
451021.3930535781,3951548.34580527
451021.3314205052,3951548.105831194
451021.3155279581,3951547.958033305
451021.3146103768,3951547.791667131
451021.3143045164,3951547.736211738
144388078.9752375,104035466.5538096
451021.3125713074,3951547.421964519
451021.3263228333,3951547.181574665
451021.3255072059,3951547.033693621
451021.3096146571,3951546.885895732
451021.3087990294,3951546.738014687
451021.2321909756,3951546.516608901
451021.2313753468,3951546.368727856
451021.21589061,3951546.294870489
451021.2146671665,3951546.073048923
451021.2141573984,3951545.980623269
451021.212933955,3951545.758801703
451021.2120163725,3951545.592435529
451021.2112007436,3951545.444554484
451021.2107929292,3951545.370613962
451021.2095694859,3951545.148792396
451021.2686537416,3951544.926638207
451021.2678381138,3951544.778757163
451021.2669205326,3951544.612390989
451021.2665127188,3951544.538450466
451021.2652892772,3951544.316628901
451021.2795505757,3951544.168664701
451021.2786329949,3951544.002298527
451021.2778173675,3951543.854417483
451021.2768997868,3951543.688051309
451021.2759822061,3951543.521685133
451021.2604974652,3951543.447827768
451021.2291201687,3951543.226172513
442561.9727665632,-1948970.615394799
451021.2279986803,3951543.022836079
451021.2266732849,3951542.782529383
451021.2258576571,3951542.63464834
451021.2249400757,3951542.468282165
451021.2240224944,3951542.301915992
451021.2381818473,3951542.135466662
451021.2377740335,3951542.061526141
451021.175937007,3951541.784581807
451021.175019425,3951541.618215634
451021.174101843,3951541.451849459
451021.1732862146,3951541.303968416
451021.1723686328,3951541.137602244
451021.1719608186,3951541.06366172
451021.1857123543,3951540.82327187
451021.1848967263,3951540.675390827
451021.1840810982,3951540.527509783
451021.1986482631,3951540.435000976
451021.1976287285,3951540.250149673
451021.1968131008,3951540.102268629
451021.2109724529,3951539.9358193
451021.2106665927,3951539.880363909
451021.2094431517,3951539.658542344
451021.2086275244,3951539.510661302
451021.2078118971,3951539.362780259
451021.2070982232,3951539.233384346
451021.2066904096,3951539.159443825
451021.1902880804,3951538.919220287
451021.1436299263,3951538.660677929
451021.1277373625,3951538.512880043
451021.1273295483,3951538.438939521
451021.1269217341,3951538.364998999
206890312.0432825,126541398.2920886
451021.0943209759,3951537.921522184
451021.0935053472,3951537.77364114
451021.077612779,3951537.625843254
451021.061618259,3951537.459560238
451021.0308526619,3951537.348815768
451020.9841944936,3951537.090273412
451020.9833788632,3951536.942392369
451020.9824612791,3951536.776026197
451020.9816456488,3951536.628145155
451020.9808300185,3951536.480264113
451020.9804222033,3951536.406323592
451020.979198758,3951536.184502029
451020.9787909429,3951536.110561506
451020.9775674976,3951535.888739944
451020.9922366227,3951535.814716266
451021.0060901185,3951535.592811547
451020.9901975481,3951535.445013661
451020.9897897331,3951535.37107314
451020.9893819182,3951535.297132619
451020.9889741034,3951535.223192099
442561.765653963,-1948978.563402331
451020.9859154918,3951534.668638191
451020.9850998621,3951534.52075715
451020.9692072898,3951534.372959264
451021.0432666089,3951534.132236792
451021.027374037,3951533.984438906
451021.0264564546,3951533.818072734
452131.3744996961,655862351632.2394
451021.0248251971,3951533.52231065
451021.0240095683,3951533.374429608
451021.023601754,3951533.300489088
451021.0231939396,3951533.226548568
451021.0227861253,3951533.152608047
451021.0207470537,3951532.782905444
451021.125572,3951532.652927442
451021.1246544199,3951532.48656127
451021.1239407465,3951532.357165358
451021.1081501268,3951532.227852603
451021.1077423133,3951532.153912082
451021.0906262988,3951531.784292635
451021.0898106716,3951531.636411593
451021.073918097,3951531.488613709
144387679.9458381,104039812.1501635
451021.1777235302,3951531.173784406
451021.1920868015,3951531.044305339
451021.1761942322,3951530.896507455
451021.1754805599,3951530.767111544
451021.1748688408,3951530.656200763
451021.1740532154,3951530.508319722
451021.1582625891,3951530.379006966
451021.1574469634,3951530.231125925
451021.1566313378,3951530.083244884
451021.1558157122,3951529.935363845
451021.2304867943,3951529.805552156
451021.2146961723,3951529.676239399
451021.2138805478,3951529.52835836
451021.2130649233,3951529.380477319
451021.2123512519,3951529.251081408
451021.2115356275,3951529.103200368
451021.2107200031,3951528.955319329
451021.2099043786,3951528.807438287
451021.2090887543,3951528.659557248
451021.2234520356,3951528.530078181
442561.7849139999,-1948985.293756588
451020.9504356252,3951528.235812904
451020.9651047642,3951528.161789227
451020.9638813218,3951527.939967667
451020.963167647,3951527.810571756
451020.9627598329,3951527.736631237
451020.9768172542,3951527.55169678
451020.9764094403,3951527.47775626
451020.9903649066,3951527.274336674
451021.0047281875,3951527.144857608
451020.7327312701,3951527.035443638
451020.7320175923,3951526.906047727
451020.7162269566,3951526.776734972
451020.7304882827,3951526.628770777
451020.7297746049,3951526.499374867
451020.7289589731,3951526.351493827
451020.7281433415,3951526.203612788
451020.7273277098,3951526.055731747
451020.7265120781,3951525.907850707
451020.7256964465,3951525.759969667
451020.7092940852,3951525.519746134
451020.6934014931,3951525.371948252
451020.6925858611,3951525.224067211
451020.6767952247,3951525.094754457
451020.6759795924,3951524.946873418
451020.6750620062,3951524.780507248
144387536.4335006,104041592.6110401
451020.6433787817,3951524.503396611
451020.6418494705,3951524.226119662
451020.6413397002,3951524.133694012
451020.6402182054,3951523.930357583
451020.6395045269,3951523.800961674
206889915.745927,126547023.7464928
451020.637975216,3951523.523684724
451020.6373634916,3951523.412773944
451020.6366498133,3951523.283378035
451020.635936135,3951523.153982126
451020.6352224567,3951523.024586217
451020.6348146404,3951522.950645696
451020.7094857735,3951522.820834006
451020.7389260213,3951522.691271784
451020.7382123446,3951522.561875874
451020.7376006217,3951522.450965096
451020.7519639081,3951522.32148603
451020.7512502318,3951522.19209012
451020.7505365553,3951522.062694211
451020.7498228789,3951521.933298302
451020.7641861665,3951521.803819238
451020.7634724904,3951521.674423328
451020.8231686279,3951521.563179924
451020.8375319174,3951521.433700859
451020.8368182423,3951521.304304951
451020.8210276023,3951521.174992198
451020.8051350082,3951521.027194314
451020.8043193792,3951520.879313276
451020.8036057039,3951520.749917367
451020.7878150579,3951520.620604614
451020.7871013823,3951520.491208705
451020.7863877069,3951520.361812796
451020.7407489949,3951520.288121744
460888.9439574067,655861004110.0432
451020.7240407682,3951519.992442824
451020.708046217,3951519.826159812
451020.6922555728,3951519.696847059
451020.6918477576,3951519.62290654
451020.6915418961,3951519.567451151
451020.690012589,3951519.290174203
451020.6891969586,3951519.142293165
451020.673406311,3951519.012980414
451020.8227486539,3951518.753357035
451020.8219330258,3951518.605475995
451020.8211173977,3951518.457594957
451020.8196900487,3951518.19880314
451020.8192822347,3951518.124862622
451020.8181607462,3951517.921526194
144387346.4259935,104043452.8473267
451020.8317084149,3951517.644166091
451020.8159177695,3951517.514853339
451020.8447463176,3951517.274380339
451020.8440326438,3951517.144984433
451020.8433189698,3951517.015588524
451020.842605296,3951516.886192616
451020.8417896688,3951516.738311578
451020.8409740416,3951516.59043054
451020.8553373409,3951516.460951475
451020.8545217139,3951516.313070439
451020.8692928273,3951516.257531893
451020.8681713407,3951516.054195467
451020.7613071236,3951515.814470871
451020.7608993095,3951515.740530352
451020.7604914954,3951515.666589833
451020.7589621924,3951515.389312888
451054.1235948447,3951515.075955272
451020.7574328895,3951515.112035942
451020.7716942416,3951514.964071749
451020.7713883811,3951514.908616361
451020.7702668927,3951514.705279933
451020.7845282411,3951514.557315741
451020.738991447,3951514.50210982
451020.7382777722,3951514.372713912
451020.7224871229,3951514.24340116
451020.7367484692,3951514.095436967
451020.7209578194,3951513.966124215
451020.705167167,3951513.836811463
451020.7044534919,3951513.707415557
451020.6885608852,3951513.559617675
451020.6877452563,3951513.411736637
451020.7020066059,3951513.263772445
451020.7465238648,3951513.134127068
451020.7610910809,3951513.041618265
451020.7756582927,3951512.94910946
451020.8037731839,3951512.579240555
451020.8182384437,3951512.468246622
451020.8178306305,3951512.394306103
451020.8168110975,3951512.209454807
451020.8009184906,3951512.061656926
451020.8001028639,3951511.913775889
451020.7996950506,3951511.839835371
451020.6782635723,3951511.692619584
451020.6775498973,3951511.563223676
451020.6130254684,3951502.598019039
451020.6459685837,3951511.304598175
451020.6451529547,3951511.156717139
451020.6292603411,3951511.008919257
451020.6288525265,3951510.934978738
451020.6277310364,3951510.731642314
451020.6122462366,3951510.657784952
451020.5960477629,3951510.454531681
451020.5051780477,3951510.381090102
451020.5043624166,3951510.233209066
451020.5039546011,3951510.159268548
451020.5028331084,3951509.955932122
451020.5162788333,3951509.660086893
451020.5159729718,3951509.604631504
451020.5155651564,3951509.530690986
206889491.8471667,126552603.3910179
451020.5282972039,3951509.105449851
451020.5429663744,3951509.031426177
451020.5576355474,3951508.957402501
451020.5711832278,3951508.680042403
451020.5855465339,3951508.550563339
451020.5847309047,3951508.402682303
451020.5689402467,3951508.273369553
451020.568532432,3951508.199429036
451020.5674109415,3951507.996092611
451020.5666972657,3951507.866696706
451020.5658816363,3951507.718815668
451020.5652699143,3951507.607904892
451020.5796332224,3951507.478425828
451020.578919547,3951507.349029922
451020.5932828603,3951507.21955086
451020.5924672315,3951507.071669823
451020.4560606533,3951506.943022325
451020.6060149195,3951506.794309726
451020.6207860507,3951506.738771182
451020.619664562,3951506.535434758
451020.6192567479,3951506.46149424
451020.6328044357,3951506.184134142
451020.6170137706,3951506.054821392
451020.5859422024,3951505.888621539
451020.5852285274,3951505.759225633
451020.5995918462,3951505.629746571
451020.598776218,3951505.481865535
451020.5829855491,3951505.352552786
451020.5670929285,3951505.204754907
451020.5513022656,3951505.075442157
451020.5505885903,3951504.946046251
451020.3990030281,3951504.798996779
451020.3982893506,3951504.669600874
451020.3672177763,3951504.503401022
451020.3664021445,3951504.355519986
451020.3510192866,3951504.300147755
451020.3196418504,3951504.078492516
451020.2953889943,3951502.414914028
451020.3030355495,3951503.801298731
451020.2863272869,3951503.505619818
451020.3452079091,3951503.24649538
451020.3444942313,3951503.117099474
451020.3286016035,3951502.969301595
442529084.1525592,193879827.5369129
451020.3270722934,3951502.692024656
451020.2962046267,3951502.562795063
451020.3104659866,3951502.414830872
451020.3245234436,3951502.229896422
451020.3236058578,3951502.063530258
451020.3078151821,3951501.934217508
451020.2917186486,3951501.749449373
451020.2758260157,3951501.601651493
451020.2900873841,3951501.453687304
451020.2891697978,3951501.287321141
451020.2883541656,3951501.139440104
451020.2866209472,3951500.825192906
451020.2707283129,3951500.677395029
451020.2699126806,3951500.529513995
451050.1215581913,3951500.217033005
451020.2530005071,3951500.196864824
451020.2521848746,3951500.04898379
451020.2514711961,3951499.919587885
451020.2506555636,3951499.77170685
451020.2498399312,3951499.623825817
451020.234457065,3951499.568453586
451020.233233616,3951499.346632035
451020.2325199374,3951499.21723613
451020.2317043048,3951499.069355095
451020.2309906264,3951498.939959191
451020.3958181249,3951498.754193177
451020.3792118155,3951498.476999394
451020.3783961855,3951498.32911836
451020.3779883705,3951498.255177844
451020.3769688332,3951498.070326551
451020.3611781525,3951497.941013803
451020.3608722912,3951497.885558416
451020.3446737949,3951497.68230515
451020.3439601184,3951497.552909246
451020.4638624874,3951497.422848091
451020.4632507662,3951497.311937315
451020.4475620392,3951497.201109696
451020.4469503179,3951497.090198922
451020.4617214632,3951497.034660378
451020.4758808879,3951496.868211058
451020.4751672135,3951496.738815154
451020.5064669537,3951502.413749838
451020.4737398647,3951496.480023346
451020.4582550436,3951496.406165985
451020.7876042904,3951495.979178583
451020.7719155654,3951495.868350963
451020.7712018955,3951495.738955058
451020.7704882257,3951495.609559156
451020.7697745559,3951495.480163251
451020.7390088211,3951495.369418789
451020.7232181418,3951495.24010604
451020.707427462,3951495.110793291
451020.6917387348,3951494.999965672
451020.7044708267,3951494.574724547
451020.7037571562,3951494.445328643
451020.687966475,3951494.316015895
451020.6721757934,3951494.186703146
68555277.09060602,71177383.39634544
451020.6706464985,3951493.90942621
451020.6702386866,3951493.835485694
451020.654040192,3951493.632232429
451020.6382495043,3951493.502919681
451020.6223568677,3951493.355121805
451020.5766160673,3951493.262945627
451020.5150845734,3951493.041456703
451020.4991919341,3951492.893658826
451020.4983763077,3951492.745777793
451020.4975606813,3951492.597896761
451020.4968470081,3951492.468500856
451020.4960313818,3951492.320619824
451020.4956235686,3951492.246679308
451020.4945020824,3951492.043342889
451020.4936864561,3951491.895461857
451020.4780996794,3951491.803119366
451020.4772840529,3951491.655238334
451020.4916473905,3951491.525759276
451020.4909337176,3951491.396363372
451020.4905259045,3951491.322422856
451020.4901180915,3951491.248482339
451020.4897102783,3951491.174541824
206231110.4421725,126337318.247228
451020.5171115763,3951490.675277027
451020.516397904,3951490.545881124
451020.5308632044,3951490.434887195
451020.5149705593,3951490.287089318
451020.514256887,3951490.157693414
451020.5135432148,3951490.028297513
451020.5127275893,3951489.88041648
451020.497242756,3951489.806559121
451020.4810442521,3951489.603305858
451020.4652535652,3951489.47399311
451020.4494628732,3951489.344680363
451020.4200225062,3951489.474242579
451020.2367533367,3951489.050082488
451020.2209626454,3951488.920769742
451020.2051719468,3951488.791456995
451020.2047641317,3951488.71751648
451020.1885656196,3951488.514263217
451020.1726729661,3951488.366465343
451020.1719592893,3951488.23706944
451020.1411935239,3951488.126324979
451020.1103258039,3951487.997095389
451020.1245871939,3951487.849131201
451020.0938214268,3951487.73838674
441603.0564267121,-1580297.603978388
451020.0172128656,3951487.516980976
451019.9864470938,3951487.406236518
451019.9857334145,3951487.276840616
451019.9700446688,3951487.166012998
451019.9694329436,3951487.055102225
451019.9537441928,3951486.944274609
451019.9533363758,3951486.870334093
451019.9672919053,3951486.666914517
451019.8907852866,3951486.463993884
451019.8900716061,3951486.334597982
451019.9043329958,3951486.186633794
451019.9186963403,3951486.057154734
451019.9179826604,3951485.927758832
451019.9176767975,3951485.872303446
451019.9166572547,3951485.687452157
451019.9159435748,3951485.558056255
451019.9153318492,3951485.447145481
451019.9296951953,3951485.317666421
451019.8689792717,3951485.244058535
451019.8683675455,3951485.13314776
451019.8525768386,3951485.003835016
451019.8519651123,3951484.892924243
451019.851353386,3951484.78201347
451019.8506397054,3951484.652617568
451019.8503338422,3951484.597162181
451019.8336255492,3951484.301483277
451019.8333196859,3951484.246027891
451019.7713802978,3951483.950598457
451019.7707685707,3951483.839687684
451019.7549778605,3951483.71037494
451019.7542641786,3951483.580979037
451019.7536524514,3951483.470068264
451019.7530407242,3951483.359157492
451019.7525309515,3951483.266731847
451019.7522250879,3951483.211276461
451019.7513074972,3951483.044910302
451019.7357206945,3951482.952567815
451020.0205530055,3951482.655225771
451020.0202471436,3951482.599770384
451020.0044564352,3951482.47045764
451019.9738945551,3951482.396683438
451019.9586136159,3951482.359796338
451019.9583077537,3951482.30434095
451019.9272361044,3951482.138141105
451019.9268282879,3951482.064200591
451019.8958585914,3951481.916485875
451020.0159650779,3951481.823394976
451020.0005821842,3951481.768022746
451019.9851992902,3951481.712650516
206230879.9242345,126340861.3698911
451019.9693066235,3951481.564852643
451019.9541276371,3951481.546450672
451019.953821775,3951481.490995284
451019.9536178668,3951481.454025027
451019.9384388825,3951481.435623055
451019.9383369284,3951481.417137926
451019.8769072996,3951481.214134138
451019.8769072996,3951481.214134138
451019.8769072996,3951481.214134138
451019.8769072996,3951481.214134138
451019.8769072996,3951481.214134138
451019.8786405211,3951481.528381327
451019.8769072996,3951481.214134138
451019.8769072996,3951481.214134138
451019.8769072996,3951481.214134138
451019.8769072996,3951481.214134138
451019.8769072996,3951481.214134138
451019.8769072996,3951481.214134138
451019.8769072996,3951481.214134138
451019.8769072996,3951481.214134138
451020.2967193045,3951480.786647792
451020.2967193045,3951480.786647792
450448.1382605461,3951483.960776751
451020.2967193045,3951480.786647792
451020.2967193045,3951480.786647792
451020.2967193045,3951480.786647792
451020.2967193045,3951480.786647792
451020.2967193045,3951480.786647792
451020.2967193045,3951480.786647792
451020.2967193045,3951480.786647792
451020.3410328264,3951480.620032163
451020.3410328264,3951480.620032163
451020.3410328264,3951480.620032163
451020.3410328264,3951480.620032163
451020.3410328264,3951480.620032163
451020.3410328264,3951480.620032163
451020.3410328264,3951480.620032163
451020.3410328264,3951480.620032163
451020.3410328264,3951480.620032163
451020.3410328264,3951480.620032163
451020.1156929423,3951480.769160539
451020.1156929423,3951480.769160539
451020.1156929423,3951480.769160539
451020.1156929423,3951480.769160539
451020.1156929423,3951480.769160539
451020.1156929423,3951480.769160539
442498.2745332877,-1926905.82351156
451020.1156929423,3951480.769160539
451020.1156929423,3951480.769160539
451020.1156929423,3951480.769160539
451020.0990866028,3951480.491966764
451020.0990866028,3951480.491966764
451020.0990866028,3951480.491966764
451020.0990866028,3951480.491966764
451020.0990866028,3951480.491966764
451020.0990866028,3951480.491966764
451020.0990866028,3951480.491966764
451020.0990866028,3951480.491966764
451020.0990866028,3951480.491966764
451020.0990866028,3951480.491966764
451020.0833978461,3951480.381139149
451020.0833978461,3951480.381139149
451020.0833978461,3951480.381139149
451020.0833978461,3951480.381139149
451020.0833978461,3951480.381139149
451020.0833978461,3951480.381139149
451020.0833978461,3951480.381139149
451020.0833978461,3951480.381139149
451020.0833978461,3951480.381139149
451020.0833978461,3951480.381139149
451020.0827861237,3951480.270228376
451020.0827861237,3951480.270228376
451020.0827861237,3951480.270228376
451020.0827861237,3951480.270228376
451020.0827861237,3951480.270228376
451020.0827861237,3951480.270228376
451020.0827861237,3951480.270228376
451020.0827861237,3951480.270228376
451020.0814607251,3951480.029921703
451020.0814607251,3951480.029921703
451020.0814607251,3951480.029921703
451020.0814607251,3951480.029921703
451020.0814607251,3951480.029921703
451020.0814607251,3951480.029921703
451020.0814607251,3951480.029921703
451020.0814607251,3951480.029921703
451020.0814607251,3951480.029921703
451020.0814607251,3951480.029921703
