450666.2176458534,3951711.636618201
450666.2176458534,3951711.636618201
450666.2176458534,3951711.636618201
450666.2176458534,3951711.636618201
450666.2176458534,3951711.636618201
450666.2176458534,3951711.636618201
450666.2176458534,3951711.636618201
450666.2176458534,3951711.636618201
450666.38461866,3951711.839033352
450666.8218414585,3951711.836604284
450666.38461866,3951711.839033352
450666.38461866,3951711.839033352
450666.38461866,3951711.839033352
450666.38461866,3951711.839033352
450666.4607207857,3951711.968010519
450666.3855429411,3951712.005399603
450666.3404156987,3951712.024136026
450666.1747779658,3951712.06202768
450666.1296507242,3951712.080764106
450665.9489363459,3951712.118739526
450665.7983752682,3951712.156547427
450665.6780701856,3951712.212672941
450665.5426884551,3951712.268882224
450665.4674079217,3951712.287786176
450665.1210558317,3951712.363653285
144415647.3727142,104000772.8163452
450664.8199336902,3951712.439269116
450664.7296792096,3951712.476741978
450664.6542959734,3951712.4771608
450664.338097193,3951712.552860411
450664.006924474,3951712.647128939
450663.9164645926,3951712.647631532
450663.6603670047,3951712.686025828
450663.3448871694,3951712.891121448
450663.2545299949,3951712.910109186
450662.9986378271,3951712.985473779
450662.9233573002,3951713.004377755
450662.8330001277,3951713.023365496
450662.5019301453,3951713.136119219
450662.3514718095,3951713.192412317
450662.2022459487,3951713.470527086
450662.0352730706,3951713.268112011
450661.8546614423,3951713.324572655
450661.7344591075,3951713.399183364
450661.4636957372,3951713.51160205
450661.2981607601,3951713.567978935
450661.1176518559,3951713.642924733
450660.9520141763,3951713.680816487
450660.78647921,3951713.737193381
450660.6208415336,3951713.77508514
450660.4552038584,3951713.812976903
450660.2896688977,3951713.869353808
450660.1240312256,3951713.907245577
450659.8538841601,3951714.130575146
450659.6882464946,3951714.168466922
450659.5227115451,3951714.224843842
450659.3721505266,3951714.26265185
450659.0559518542,3951714.338351651
450658.8903141936,3951714.376243444
450658.7398558988,3951714.432536604
450658.6645753903,3951714.451440616
450658.4387338763,3951714.508152653
450658.1681760082,3951714.657541717
450658.0026410793,3951714.713918664
450657.9273605748,3951714.732822683
450657.7016217884,3951714.808019878
450657.5510607894,3951714.845827918
450657.38562858,3951714.920690016
450657.3104507977,3951714.958079179
450657.0846093047,3951715.01479125
450656.9038950289,3951715.052766856
450656.7383601083,3951715.109143828
450656.5877991182,3951715.146951886
450656.2867798586,3951715.241053146
450656.1363215919,3951715.297346352
450655.9556073188,3951715.335321977
450655.7899696937,3951715.373213827
214276813.0905522,128947886.5036882
450655.4889504521,3951715.467315116
450655.3083389083,3951715.523775893
450655.1276246453,3951715.561751535
450655.0523441583,3951715.580655579
450654.9022967881,3951715.71088936
450654.7366591765,3951715.74878123
450654.5710215617,3951715.786673103
450654.4806644341,3951715.805660933
450654.4053839506,3951715.824564978
450654.0742114538,3951715.91883388
450653.9085738448,3951715.956725765
450653.8182167202,3951715.9757136
450653.5774013555,3951716.050994684
450653.4117637533,3951716.088886579
450653.3972007379,3951716.181396058
442537600.4559127,193699672.7621449
450653.2769985113,3951716.256006884
450652.9009042991,3951716.405982596
450652.7503433442,3951716.44379072
450652.5848084793,3951716.500167768
450652.3590697812,3951716.575365102
450652.1181517191,3951716.632161086
450651.9524114009,3951716.651567869
450651.7570314484,3951716.763567923
450651.6817509807,3951716.782471994
450651.5913938666,3951716.801459853
450651.1097632245,3951716.952022148
450650.9442283814,3951717.008399229
450650.8538712735,3951717.027387095
450659.6137070092,3951717.034166119
450650.4623922962,3951717.121991283
450650.3721379217,3951717.159464293
450650.252038465,3951717.252560297
450650.1015802693,3951717.308853606
450649.9360454344,3951717.365230705
450649.8607649732,3951717.384134791
450649.7705106039,3951717.421607806
450649.4392354801,3951717.497391744
450649.3639550186,3951717.516295833
450649.2886745552,3951717.535199925
450648.9573994417,3951717.610983879
450648.5353562986,3951717.631815176
450648.4600758377,3951717.650719275
450648.2193633,3951717.744485644
450648.129006205,3951717.763473537
450647.8729088236,3951717.801868292
450647.7222451778,3951717.821191362
450647.5415309917,3951717.859167159
450647.360919547,3951717.9156281
450647.1952820021,3951717.953520112
450647.1049249089,3951717.972508015
450646.8029811958,3951717.900243347
450646.6223697541,3951717.956704303
450646.4568349525,3951718.01308147
450646.2761207753,3951718.051057293
450646.1104832395,3951718.088949325
450645.9449484456,3951718.145326497
450645.7793109082,3951718.183218536
450645.6288527579,3951718.23951192
450645.4632152258,3951718.277403964
450645.2976804394,3951718.333781149
450645.1921439745,3951718.33436773
450644.905893349,3951718.372930166
450644.7402558246,3951718.410822223
450644.5745155558,3951718.430229144
450644.3939041385,3951718.486690145
450644.3186236955,3951718.50559428
450644.0627318394,3951718.580959423
450643.7315595495,3951718.675228711
450643.5509481468,3951718.731689731
450643.3694120251,3951718.6217845
450643.279054951,3951718.640772442
68573471.10458052,71154973.59061579
450642.8574228472,3951718.735544569
450642.706964724,3951718.791838001
450642.556506598,3951718.848131438
450642.3908690896,3951718.886023541
450642.1951810608,3951718.942568389
450642.0296463044,3951718.998945635
450641.894162073,3951719.036670142
450641.6534496396,3951719.13043669
450641.5630925717,3951719.149424651
450641.3373540302,3951719.224622267
450641.1868959221,3951719.280915725
450641.1116154923,3951719.299819887
450640.8556209383,3951719.356699982
450640.7652638719,3951719.375687952
450640.5245514615,3951719.469454531
450640.3286579475,3951719.489029143
450640.1931737327,3951719.526753675
450639.9675379627,3951719.620436463
450639.8020032371,3951719.676813753
450639.6514423901,3951719.7146221
450639.5610853344,3951719.73361008
450639.3050907952,3951719.790490223
450639.2148364956,3951719.827963346
450638.9589447189,3951719.903328637
450638.7932044911,3951719.922735666
450638.7028474369,3951719.941723656
450638.4468529111,3951719.998603823
441145.8343563808,-1580069.008305497
450637.9953759232,3951720.148999217
450637.8146618276,3951720.186975215
450637.634050487,3951720.243436355
450637.5437961943,3951720.280909495
450637.3029810825,3951720.356191024
450637.137240864,3951720.375598085
450637.04688382,3951720.394586093
450636.9565267719,3951720.4135741
450636.6254573843,3951720.526328795
450636.4897676748,3951720.527083104
450636.3242329872,3951720.583460459
450636.2339787057,3951720.620933614
450635.9933691342,3951720.733185458
450635.8428083204,3951720.770993869
450635.677273639,3951720.827371236
450635.5418922257,3951720.883580978
450635.3763575437,3951720.939958352
450635.1957462354,3951720.99641954
450635.0301087986,3951721.03431178
450634.7286788978,3951721.05447322
450634.5481703602,3951721.129419563
450634.3675590585,3951721.18588077
450634.2019216286,3951721.223773025
450634.0361814323,3951721.243180146
450633.8554673724,3951721.281156222
68573872.73890024,71154802.20480323
450633.5696279469,3951721.393659583
450633.388811125,3951721.41315053
450633.2984540967,3951721.432138576
450632.8315923335,3951721.527162634
450632.6659549091,3951721.565054917
206271784.3416216,126260956.6726897
450632.3347828476,3951721.659324636
450632.1691454347,3951721.697216929
450632.0185846523,3951721.735025406
450631.8379733784,3951721.791486664
450631.6724387403,3951721.847864106
450631.5068013312,3951721.885756412
450631.2359358182,3951721.979690887
450631.0853750469,3951722.017499379
450630.9197376433,3951722.055391695
450630.7389208375,3951722.074882699
450630.6637432273,3951722.112272088
450630.4077488119,3951722.169152488
450630.2421114139,3951722.207044818
450630.1668310331,3951722.225949071
450629.9261188055,3951722.319715941
450629.7755580405,3951722.357524456
450629.4582293689,3951722.229888782
450629.2926947512,3951722.286266269
450629.1270573598,3951722.324158619
450628.9764966026,3951722.361967147
450628.8108592161,3951722.399859503
450628.6150685676,3951722.437919516
450628.4495339566,3951722.494297017
450628.2990759826,3951722.550590697
450628.1334386023,3951722.588483065
450627.9678012234,3951722.626375438
450627.4390913586,3951722.444457995
442034.8307895333,-1926668.187952784
450627.10791938,3951722.538727907
450626.9272053739,3951722.576704126
450626.7464913671,3951722.614680352
450626.5809567752,3951722.671057888
450626.4907025523,3951722.708531143
450626.2347081814,3951722.765411663
450626.1443511811,3951722.784399781
450625.888459597,3951722.859765452
450625.7530782722,3951722.915975344
450625.4369829601,3951723.010161489
450625.2562689679,3951723.048137743
450625.0604783478,3951723.086197832
450624.9702241375,3951723.123671104
450624.7142297877,3951723.180551667
450624.5334130165,3951723.200042798
68574251.82227014,71154731.98186228
450624.172087837,3951723.294480484
450624.0968074752,3951723.313384791
450623.4923032728,3951723.057946189
450623.3116920749,3951723.114407624
450623.1310808838,3951723.170869061
450623.0558005254,3951723.189773376
450622.7847295573,3951723.246737831
450622.6944753579,3951723.284211124
450622.4385838183,3951723.359576894
450622.2729464718,3951723.397469373
450622.1072063409,3951723.416876715
450621.9414662082,3951723.43628406
450621.2462965843,3951723.144378356
450621.0656854063,3951723.200839834
450620.9904050521,3951723.219744167
450620.7345135197,3951723.295109985
450961.9338864384,3951721.441274185
450620.388162217,3951723.37097885
450620.2226276756,3951723.427356506
450620.0570931361,3951723.483734168
450619.8763791772,3951723.52171053
450619.6958708084,3951723.596657178
450619.6353587023,3951723.560022262
450619.4696185747,3951723.579429653
450619.2889046223,3951723.617406028
450619.1081906644,3951723.655382408
450618.9426561384,3951723.711760089
450618.777018817,3951723.749652633
450618.6113814969,3951723.787545181
450618.5211273177,3951723.825018518
450618.2804152539,3951723.918785704
450618.1299573613,3951723.975079557
450617.7824753114,3951723.847611986
450617.6169407947,3951723.903989692
450617.4514062823,3951723.9603674
450617.3009483976,3951724.016661268
450617.1503877165,3951724.054469997
450616.9697765795,3951724.11093156
450616.8193187049,3951724.167225436
450616.6689636296,3951724.242004454
450616.5033263271,3951724.279897042
450616.4280459867,3951724.298801412
450616.2026161877,3951724.429455089
450616.0521583188,3951724.485748978
450615.2898568588,3951617.235898696
450615.7209865329,3951724.580019318
450615.6458090029,3951724.617408836
450615.3900203606,3951724.71125995
450615.2243830697,3951724.74915256
450615.0587457824,3951724.787045174
450614.9080823155,3951724.806368803
450614.7274712097,3951724.862830411
450614.4106564321,3951724.827620973
450614.2600957692,3951724.865429752
450614.0946641047,3951724.940292663
450613.9139501968,3951724.978269149
450613.5828812568,3951725.091024709
450613.4171411738,3951725.110432215
450613.3418608489,3951725.129336612
206273580.0163286,126260186.2501948
450612.9355115963,3951725.260996595
450612.7392070257,3951725.206631258
450612.3924446158,3951725.208559876
450612.2118335358,3951725.265021537
450612.0464018885,3951725.339884487
450611.9711215706,3951725.358788896
450611.8958412529,3951725.377693307
450611.5645667252,3951725.453478663
450611.3989294656,3951725.491371345
450611.2333950183,3951725.547749171
450611.1430380782,3951725.566737443
450610.9482757046,3951725.789649244
450610.7676646405,3951725.846110935
450610.6021302083,3951725.902488772
450610.4515695813,3951725.940297616
450610.2858295225,3951725.95970518
450609.909119523,3951725.998771888
450609.9245045955,3951726.05414345
450609.7588673515,3951726.092036164
450609.5933329253,3951726.148414021
450609.4277985035,3951726.204791881
450608.8985743644,3951725.930449839
450608.7178604971,3951725.968426431
450608.5522232585,3951726.006319166
450608.3714065774,3951726.025810626
450608.175616087,3951726.063871088
450607.99490223,3951726.101847696
450607.919621922,3951726.120752141
450607.6485511333,3951726.177717058
450607.452863475,3951726.23426268
450607.272252441,3951726.29072444
450607.227228211,3951726.327946307
450607.0014901274,3951726.4031448
450606.8207762796,3951726.44112143
450606.6401652537,3951726.497583206
450606.4896046573,3951726.535392118
450606.3239674357,3951726.573284895
450605.7376970914,3951637.438449061
450605.9627453977,3951726.686208468
450605.8723884797,3951726.705196793
450605.6164971695,3951726.780563051
450605.3451179383,3951726.782072622
450605.149327479,3951726.820133151
450604.9987668961,3951726.857942089
450604.8332325132,3951726.914320035
450604.6526215113,3951726.97078185
450604.4568310588,3951727.008842397
450604.2762200565,3951727.06530422
450604.1105828584,3951727.10319704
450603.929869034,3951727.141173729
450603.7491552111,3951727.179150423
450603.6138769187,3951727.253845796
450603.5236228358,3951727.291319286
450603.147324243,3951727.404326842
450602.9968665062,3951727.460620953
450602.9065095996,3951727.47960931
450602.5605699247,3951727.629419433
450602.4099065321,3951727.648743274
450602.259448804,3951727.705037398
450777.2691798632,3951726.788648688
450602.0790434938,3951727.798469546
450602.0188398409,3951727.81729017
450601.7781280463,3951727.911057808
450601.6577207365,3951727.948699059
450601.6125937048,3951727.967435815
450601.4621359847,3951728.023729952
450601.3717790893,3951728.042718324
450601.2664484044,3951728.08027571
450601.1760915076,3951728.099264082
450601.0857346135,3951728.118252457
450600.7989702952,3951728.064390619
450600.7087162321,3951728.101864138
450600.6334359603,3951728.120768644
450600.5431819007,3951728.158242165
450600.5131314936,3951728.176895051
450600.422877435,3951728.214368572
450600.4079036497,3951728.232937586
450600.3175467561,3951728.25192597
450600.2724197264,3951728.270662731
450600.2573431029,3951728.270746604
450600.197036623,3951728.2710821
450600.1367301337,3951728.271417596
450600.1216535126,3951728.271501471
450600.1216535126,3951728.271501471
450600.0615526988,3951728.308807248
450600.0464760777,3951728.308891122
450600.0464760777,3951728.308891122
450599.6336935298,3951654.109542926
450600.0464760777,3951728.308891122
450600.0464760777,3951728.308891122
450600.0464760777,3951728.308891122
450600.0464760777,3951728.308891122
450600.0464760777,3951728.308891122
450600.0464760777,3951728.308891122
450600.0464760777,3951728.308891122
