451034.1279034225,3951459.840029366
451034.1279034225,3951459.840029366
451034.1279034225,3951459.840029366
451034.1279034225,3951459.840029366
451034.1279034225,3951459.840029366
442527353.6169383,193916400.1095723
451034.1279034225,3951459.840029366
451034.1279034225,3951459.840029366
451034.1581594865,3951459.85834823
451034.1581594865,3951459.85834823
451034.1581594865,3951459.85834823
451034.1581594865,3951459.85834823
451034.1581594865,3951459.85834823
451034.1581594865,3951459.85834823
451034.1581594865,3951459.85834823
451034.1581594865,3951459.85834823
451034.1581594865,3951459.85834823
451034.1581594865,3951459.85834823
451034.2034926169,3951459.876583961
451034.2034926169,3951459.876583961
451034.2034926169,3951459.876583961
451034.2034926169,3951459.876583961
451034.2034926169,3951459.876583961
451034.2034926169,3951459.876583961
451034.2034926169,3951459.876583961
451034.2034926169,3951459.876583961
451034.2034926169,3951459.876583961
451034.2034926169,3951459.876583961
451034.2337486784,3951459.894902824
451034.2337486784,3951459.894902824
451034.2337486784,3951459.894902824
451034.2337486784,3951459.894902824
451034.2337486784,3951459.894902824
442515.0425009078,-1926926.520055046
451034.2337486784,3951459.894902824
451034.2337486784,3951459.894902824
451034.2337486784,3951459.894902824
451034.2337486784,3951459.894902824
451034.2941588773,3951459.913055423
451034.2941588773,3951459.913055423
451034.2941588773,3951459.913055423
451034.2941588773,3951459.913055423
451034.2941588773,3951459.913055423
451034.2941588773,3951459.913055423
451034.2941588773,3951459.913055423
451034.2941588773,3951459.913055423
451034.2941588773,3951459.913055423
451034.3694423027,3951459.894154636
451034.3694423027,3951459.894154636
451034.3694423027,3951459.894154636
451034.3694423027,3951459.894154636
451034.3694423027,3951459.894154636
451034.3694423027,3951459.894154636
451034.3694423027,3951459.894154636
451034.3694423027,3951459.894154636
451034.3694423027,3951459.894154636
451034.3694423027,3951459.894154636
451034.4901607791,3951459.911974709
451034.4901607791,3951459.911974709
451034.4901607791,3951459.911974709
451034.4901607791,3951459.911974709
451034.4901607791,3951459.911974709
451034.4901607791,3951459.911974709
451034.4901607791,3951459.911974709
451034.4901607791,3951459.911974709
451034.4901607791,3951459.911974709
451034.4901607791,3951459.911974709
451034.4901607791,3951459.911974709
451034.6560085362,3951459.911060261
451034.6560085362,3951459.911060261
451034.6560085362,3951459.911060261
451034.6560085362,3951459.911060261
451034.6560085362,3951459.911060261
451034.6560085362,3951459.911060261
451034.6560085362,3951459.911060261
451034.6560085362,3951459.911060261
451034.6560085362,3951459.911060261
451034.821856298,3951459.910145816
451034.821856298,3951459.910145816
451034.821856298,3951459.910145816
451034.821856298,3951459.910145816
451034.8661702063,3951459.743530272
451034.9414536321,3951459.724629487
451035.0016599867,3951459.705811836
451035.0617644219,3951459.668509057
451035.1370478465,3951459.649608274
451035.1972542042,3951459.630790625
451035.2573586385,3951459.593487847
514838.5145982488,655854915409.4456
451035.3626942862,3951459.555935678
451035.4681318534,3951459.536868638
451035.6627068724,3951459.276996158
451035.7379902991,3951459.258095382
451035.8282488828,3951459.220626347
451035.8884552449,3951459.201808702
451035.963636755,3951459.1644228
451036.0389201879,3951459.145522027
451036.1291787693,3951459.108052996
451036.1893851327,3951459.089235351
451036.2494895771,3951459.051932581
451036.459651295,3951458.884402629
451036.6396588791,3951458.717038938
451036.7149423126,3951458.698138171
451036.8202779769,3951458.660586021
442527305.14424,193917424.3441023
451036.9858200081,3951458.604216231
451037.0309493034,3951458.585481721
451037.1815161859,3951458.547680192
451037.2717747757,3951458.510211174
451037.362135288,3951458.491227285
451037.4214244082,3951458.306043498
451037.5709721242,3951458.083390696
451037.6763077969,3951458.045838556
451037.7665663986,3951458.008369543
451037.8267727729,3951457.98955191
451037.9620587605,3951457.914863265
451038.0523173645,3951457.877394254
451038.1575511287,3951457.821356993
451038.2628868069,3951457.783804859
451038.3380683365,3951457.746418977
451038.6528524069,3951457.411941051
451038.7581880944,3951457.374388922
451038.8634218665,3951457.318351668
451038.9687575513,3951457.280799543
451039.0740932393,3951457.243247419
451039.1795308414,3951457.224180425
451039.2698913706,3951457.205196554
451039.3753289734,3951457.186129563
451039.480766579,3951457.167062571
451039.601179344,3951457.12942733
451039.8104239631,3951456.795531308
451039.9006825839,3951456.758062317
451041.5141569626,3951732.999371347
451040.0962769088,3951456.683041215
451040.2166896827,3951456.645405983
451040.2618189923,3951456.626671489
451040.4122840081,3951456.570384888
451040.5026445442,3951456.551401031
451040.6078783368,3951456.495363797
451040.683059894,3951456.457977935
451040.78758032,3951456.27254481
451040.8929160274,3951456.234992708
451040.9982517333,3951456.197440606
451041.0885103673,3951456.159971627
451041.2690276377,3951456.085033672
451041.3592862717,3951456.047564697
451041.4495449087,3951456.010095721
450661.793455023,3951458.074282845
451041.6451392627,3951455.935074654
451041.8391030958,3951455.564291545
451041.9293617374,3951455.526822574
451042.0345955488,3951455.470785358
451042.1248541968,3951455.433316389
451042.2151128433,3951455.395847422
451042.3204485645,3951455.358295338
451042.4107072125,3951455.320826371
451042.455836538,3951455.30209189
451042.5912245131,3951455.245888444
451042.6814831587,3951455.208419482
451043.0268292596,3951454.94771599
451043.1171898196,3951454.92873216
451043.20755038,3951454.90974833
451043.2978090362,3951454.872279375
451043.4031447681,3951454.834727303
451043.4482741003,3951454.815992824
451043.5987391664,3951454.759706279
451043.6890997272,3951454.740722455
451043.779358387,3951454.703253503
451043.9289063255,3951454.480600812
451044.03434397,3951454.461533876
451044.1395778071,3951454.405496685
451044.2597868256,3951454.330891252
451044.3650206679,3951454.274854064
451044.440202257,3951454.237468235
451044.5455380034,3951454.199916176
451044.6508737507,3951454.16236412
451044.7561075974,3951454.106326937
451044.8462643645,3951454.050372867
451044.9355040273,3951453.828052652
451045.0408397783,3951453.790500599
451045.1460736319,3951453.734463419
451045.2514093872,3951453.696911372
451045.3265909848,3951453.659525549
451045.4319267394,3951453.621973502
206885636.3990716,126573264.3870611
451045.6274192791,3951453.528467395
451045.7327550388,3951453.490915352
451045.8379889002,3951453.43487818
451045.8973801268,3951453.268179582
451046.0026139941,3951453.212142413
451046.1230268369,3951453.174507262
451010.3599878383,3951453.334750401
451046.3336983696,3951453.099403187
451046.4238551591,3951453.043449135
451046.5291909255,3951453.005897101
451046.6345266974,3951452.968345069
451046.6947331261,3951452.949527496
451046.8451982391,3951452.893241006
451046.9042837975,3951452.671087031
451047.0095176758,3951452.615049874
451047.1148534544,3951452.577497848
451047.2351644186,3951452.521377584
451047.3405001944,3951452.48382556
451047.566045046,3951452.371668149
451047.6712789297,3951452.315631001
451047.7616395235,3951452.296647219
451047.8218459591,3951452.277829654
451047.9264684765,3951452.110881743
451048.0317023701,3951452.054844599
451048.1520133424,3951451.998724348
451048.2573491306,3951451.961172335
451048.3174536755,3951451.923869647
451048.3776601079,3951451.905052087
451048.5883316892,3951451.829948065
451048.6484362364,3951451.79264538
451048.7085407771,3951451.755342694
451048.9341875568,3951451.661670447
451049.0242424821,3951451.587231295
451049.1294763888,3951451.531194163
451049.2347102921,3951451.475157035
451049.339944199,3951451.419119906
451049.460357082,3951451.381484801
451049.5805661833,3951451.306879442
451049.6860038765,3951451.287812573
451049.8064167626,3951451.250177472
451049.9266258685,3951451.175572117
451050.0468349764,3951451.100966766
451050.3029416233,3951451.062583726
451050.4081755417,3951451.006546611
451050.5284865451,3951450.950426391
451050.6337204686,3951450.894389279
451050.7691085566,3951450.838185959
451050.8744443716,3951450.800633977
451050.9346508214,3951450.781816435
451050.9796782965,3951450.744596869
451051.2053251229,3951450.650924679
451051.3256361362,3951450.594804473
451051.5664619437,3951450.519534317
451051.6417454768,3951450.500633678
522961.3439339686,655854008275.8217
451051.8523152313,3951450.407044607
451051.9424720846,3951450.351090611
451052.0627831065,3951450.294970415
451052.1830941298,3951450.238850219
451052.2883280696,3951450.182813126
451052.4086390959,3951450.126692933
451052.5137711532,3951450.052170715
451052.6040298969,3951450.014701855
451052.7092638396,3951449.958664768
451052.8294729892,3951449.884059452
451052.9348088239,3951449.846507495
451053.145276721,3951449.734433329
451053.2505106728,3951449.678396247
451053.3558465092,3951449.640844294
-4.121370506892328e+43,-6.246084689906089e+47
451053.5963667082,3951449.510118813
451053.6864216963,3951449.435679708
451053.7766804534,3951449.398210861
451053.8820162931,3951449.360658915
451054.0023273426,3951449.304538743
451054.0925860977,3951449.267069898
451054.1977181791,3951449.192547701
451054.3179273491,3951449.117942407
451054.4383402835,3951449.08030737
451054.54347237,3951449.005785176
451054.6637834262,3951448.949665016
451054.9193807499,3951448.818856471
451055.0395899332,3951448.744251188
451055.1448239084,3951448.688214129
451055.2501597644,3951448.650662199
451055.3102643583,3951448.613359561
451055.4907818963,3951448.538421898
451055.5959140004,3951448.463899715
451055.7314040344,3951448.426181601
451055.8365361417,3951448.351659423
451055.9417701265,3951448.295622375
451056.0770564113,3951448.22093401
451056.19726561,3951448.146328742
451056.2573702089,3951448.109026108
451056.4528629813,3951448.015520244
451056.573072186,3951447.94091498
451056.6932813926,3951447.866309719
451056.828669564,3951447.810106494
451056.8887741725,3951447.772803864
451057.069087987,3951447.660895979
451057.174118239,3951447.567888689
451057.2793522413,3951447.511851658
451057.3995614597,3951447.437246406
451057.5198725568,3951447.381126283
451057.6250046844,3951447.306604126
451057.7453157872,3951447.250484007
206226549.415464,126352897.2274879
451058.0009132043,3951447.119675554
451058.1061472172,3951447.063638532
451058.2263564484,3951446.989033292
451058.3467694275,3951446.951398307
451058.4669786622,3951446.876793072
451058.5872897712,3951446.820672962
450833.772464801,3951448.007027395
451058.7976559405,3951446.690113806
451058.9179670519,3951446.633993702
451059.0532533913,3951446.559305384
451059.1735645083,3951446.503185283
451059.2937737559,3951446.428580058
451059.4139830032,3951446.353974835
451058.9947787137,3951446.892370036
451059.1300650429,3951446.817681717
451059.2503761569,3951446.761561621
451059.3104807824,3951446.724259008
451059.4907946528,3951446.612351172
451059.7463921112,3951446.48154277
451059.8516261423,3951446.425505768
451059.9718353965,3951446.350900553
451060.0921465243,3951446.294780465
451060.0760507394,3951446.110012278
451060.1812847793,3951446.053975281
451060.2865188158,3951445.997938284
451060.4218051716,3951445.923249986
451060.4668327109,3951445.886030469
451060.6622237074,3951445.774039571
451060.7824329772,3951445.699434367
451060.9027441166,3951445.643314288
451060.962848752,3951445.606011688
451061.1280855728,3951445.494186974
451061.4127167437,3951445.159876047
442526765.9465225,193928817.0328295
451061.653339051,3951445.047635915
451061.7885235622,3951444.954462511
451061.8637053043,3951444.917076831
451062.059096335,3951444.805085965
451062.2846415634,3951444.692928933
451062.4049527256,3951444.636808877
451062.525162023,3951444.562203697
451062.7946143201,3951444.209490774
451062.9149254921,3951444.153370725
451063.0352366657,3951444.097250679
451063.1404707455,3951444.041213715
451063.2606800616,3951443.966608544
451063.3057076249,3951443.929389042
451063.4710463685,3951443.8360495
451063.5311510245,3951443.798746916
451063.696387911,3951443.686922251
451063.8016220021,3951443.630885296
451064.1462561371,3951443.240786752
451064.2665673306,3951443.184666722
451064.3716995709,3951443.110144648
451064.4769336684,3951443.054107702
451064.5971430067,3951442.979502548
451064.717352347,3951442.904897398
451064.8225864514,3951442.848860456
451064.9578728927,3951442.77417223
451065.0780822387,3951442.699567084
451066.043631333,3951593.297167704
451065.4677440515,3951442.272249098
451065.5729781658,3951442.216212166
451065.6781104283,3951442.141690108
451065.7231380087,3951442.104470617
451065.9034520506,3951441.992562916
451065.9635567361,3951441.955260349
451066.1438707817,3951441.843352652
451066.2490030535,3951441.7688306
451066.3091077373,3951441.731528036
451066.5044988979,3951441.619537268
451066.7895378165,3951441.359167029
451067.0299565794,3951441.209956789
451067.1653449208,3951441.153753723
451067.3006314074,3951441.079065531
451067.4207389419,3951440.985975293
451067.5561272868,3951440.929772232
451067.6763366794,3951440.855167123
451067.7965460763,3951440.780562013
451067.9168573258,3951440.724442034
451068.3667259137,3951440.278306754
451068.4869353219,3951440.203701656
451068.6071447321,3951440.129096559
451068.7424312462,3951440.054408391
451068.8627425114,3951439.998288425
451068.982850077,3951439.905198205
451069.1181365999,3951439.830510042
451069.3586572927,3951439.699784995
451069.4788667169,3951439.625179909
451069.8992941728,3951439.308606744
451070.0344788617,3951439.215433468
451070.1546882981,3951439.140828393
451070.2749995844,3951439.084708445
451070.3952090269,3951439.010103373
451070.4553137465,3951438.972800838
451070.6205508116,3951438.860976303
451070.7406584108,3951438.767886108
451070.8608678592,3951438.693281042
451070.9660002029,3951438.618759049
451071.2963725127,3951438.376624875
451071.4165819687,3951438.302019817
451071.5218161692,3951438.245982955
451071.642025631,3951438.1713779
451072.3696445203,3951548.342079456
451071.8824445631,3951438.022167794
451072.0176292946,3951437.928994549
451072.122761657,3951437.854472569
451072.2429711292,3951437.779867522
451072.3631806056,3951437.705262476
451072.6336519293,3951437.537401131
451072.7689385163,3951437.462713025
451072.8289414138,3951437.406925379
451073.0092556441,3951437.295017824
451073.0542832773,3951437.257798371
451073.2345975135,3951437.145890821
451073.36978227,3951437.052717597
451073.414809906,3951437.015498148
451073.6102012565,3951436.90350754
451073.7453860252,3951436.810334322
451137.2186859109,3951436.220552217
451074.0301197875,3951436.494508939
451074.0902245439,3951436.457206429
451074.3004893421,3951436.308162518
451074.4205970165,3951436.215072375
451074.5557817995,3951436.121899169
451074.6759913131,3951436.047294156
451074.7960989948,3951435.954204018
451074.946360897,3951435.860947755
451075.0064656569,3951435.823645251
451075.2614526309,3951435.581926541
451075.39663743,3951435.48875335
451075.6520317704,3951435.320975159
451075.7872165798,3951435.227801973
451075.8473213498,3951435.190499475
451075.9224013945,3951435.134628789
451075.9975832712,3951435.09724323
451076.3432366315,3951434.891996442
451076.4785232894,3951434.817308394
451076.7338158328,3951434.631045109
451076.869000664,3951434.537871938
451077.019160778,3951434.426130585
451077.0793673898,3951434.407313223
451077.2897341194,3951434.276754512
451077.4249189664,3951434.183581351
451077.500100862,3951434.146195805
451077.7104676039,3951434.015637104
68552033.13402249,71184220.95750003
451077.905757242,3951433.885161467
451077.9959144252,3951433.82920774
451078.0709944924,3951433.773337074
451078.4463948496,3951433.493983746
451078.5665026052,3951433.400893659
451078.7016874719,3951433.307720518
451078.8368723483,3951433.21454738
451078.9719553934,3951433.102889116
451079.0921649868,3951433.028284164
451079.2122727531,3951432.935194087
451079.3473558049,3951432.823535829
451079.5431546349,3951432.785485861
451079.6632624115,3951432.692395789
451079.7233672124,3951432.655093317
451079.9034779676,3951432.506215652
451080.0387646938,3951432.431527659
451079.2993750858,3951432.32468657
451080.2789802624,3951432.245347532
451080.3991898806,3951432.170742597
451080.5192976721,3951432.077652538
451080.6544825816,3951431.984479426
451080.6839240306,3951431.854917434
451080.8041336552,3951431.780312505
451080.9243432817,3951431.705707578
451081.0445529103,3951431.631102654
451081.1647625407,3951431.556497728
451081.2848703486,3951431.463407681
451081.4051818078,3951431.407287887
451081.5103143302,3951431.332766019
451081.6305239685,3951431.258161102
451081.7507336113,3951431.183556186
451081.7653016073,3951431.091047502
451081.9000792512,3951430.923933904
451082.0202888984,3951430.849328991
451082.1255232531,3951430.793292259
451082.1856280818,3951430.755989804
451082.3659425568,3951430.644082443
451082.4861522117,3951430.569477538
451082.5312817476,3951430.55074326
451082.8015498363,3951430.345911977
451082.9514046317,3951430.178715346
451083.0564353582,3951430.085708372
451083.1766450264,3951430.011103475
144380999.3249739,104065348.1928938
451083.3868083084,3951429.843574658
451083.4468113285,3951429.787787087
451083.6119469022,3951429.657477672
451083.7320547613,3951429.564387658
451083.8370855032,3951429.471380691
451083.8970885241,3951429.415593123
451083.9562769933,3951429.211924539
451084.0613077441,3951429.118917576
451084.1814156129,3951429.025827568
451084.2414186436,3951428.970040001
451084.4367084856,3951428.839564509
451084.5567145489,3951428.727989379
451084.616819397,3951428.690686942
451084.8120074356,3951428.54172633
451084.9321153223,3951428.448636333
451084.9922201763,3951428.411333899
451085.2633029193,3951428.354383703
451085.383410811,3951428.261293712
451085.5336729533,3951428.168037632
451085.6687561591,3951428.056379474
451085.7888640613,3951427.963289486
451085.9240490883,3951427.870116458
451085.9841539525,3951427.83281403
451086.194419153,3951427.683770408
451086.3297060049,3951427.609082512
451086.4647892269,3951427.497424365
451086.6898261289,3951427.292842331
451086.7943654776,3951421.635646245
451086.9602980422,3951427.12498143
451087.0954830919,3951427.03180842
451087.2456434584,3951426.920067244
451087.3808285188,3951426.826894238
451087.6362233325,3951426.6591164
451087.7715102074,3951426.584428527
451087.8916181537,3951426.491338569
451088.1168587323,3951426.323726826
451088.2521456208,3951426.24903896
451088.3874325115,3951426.174351097
451088.6577008654,3951425.969519996
451088.7779106405,3951425.894915177
451088.9281728535,3951425.801659157
451078.2078270216,3951425.768280515
451089.1984412357,3951425.596828072
451089.318549208,3951425.503738135
451089.4985584611,3951425.336375541
451089.6336417573,3951425.224717445
451089.7688268683,3951425.131544475
451089.9039101733,3951425.019886382
451090.0390952902,3951424.926713418
451090.1742804053,3951424.833540456
451090.3094655303,3951424.740367495
451090.4446506533,3951424.647194535
451090.5798357793,3951424.55402158
441687.8695381973,-1580360.007356949
451090.8495952123,3951424.256764915
451090.9697032222,3951424.163675
451091.0899130341,3951424.089070214
451091.2100210465,3951423.995980302
451091.3452061926,3951423.902807358
451091.4653142079,3951423.809717449
451091.6003975589,3951423.698059384
451091.7506598407,3951423.604803411
451091.8106629531,3951423.549015897
451092.0058512224,3951423.400055448
451092.1412399919,3951423.343852769
451092.2763233515,3951423.232194713
451092.4115085157,3951423.139021786
451092.5315147538,3951423.027446766
451092.6516227978,3951422.934356874
451092.7868079751,3951422.841183953
451092.9070178223,3951422.766579192
451093.0422030025,3951422.673406274
451093.1773881855,3951422.580233358
451093.2374931158,3951422.542930981
451093.3429312349,3951422.523864635
451093.6738137402,3951422.374156945
451093.8089989344,3951422.280984039
451093.9292087976,3951422.206379292
451094.049316865,3951422.11328942
451094.1695267325,3951422.038684675
451094.2896348046,3951421.945594807
451094.424820014,3951421.85242191
451094.5600052262,3951421.759249015
451094.6200083664,3951421.70346152
451094.7700671208,3951421.573235348
451094.8901752055,3951421.480145487
451095.9752198343,3951421.381741871
451095.1605456514,3951421.293799715
451095.2806537463,3951421.200709861
451095.4158389751,3951421.107536979
451095.5509224119,3951420.995878973
451095.6861076443,3951420.902706097
451095.8211910899,3951420.791048095
451095.8963731751,3951420.753662708
451096.257104678,3951420.548333684
451096.3921881362,3951420.436675693
451096.5423487282,3951420.324934677
451096.6775339856,3951420.231761815
442651.7357398042,-1949092.612451982
451096.9327255796,3951420.027013998
451097.0528337055,3951419.933924166
451097.2029943188,3951419.822183162
451097.3381795908,3951419.729010312
451097.4582877273,3951419.635920486
451097.6531708084,3951419.431504786
451097.7882542987,3951419.319846815
451097.9234395822,3951419.226673974
451098.0586248685,3951419.133501134
451098.1186280484,3951419.077713663
451098.1938101599,3951419.040328296
451098.2538133413,3951418.984540826
451098.5992642536,3951418.742324669
451098.7193724166,3951418.649234861
451098.85465951,3951418.57454716
214227997.2238043,129052167.0844674
451099.0948758505,3951418.388367554
451099.2299593726,3951418.276709605
451099.38022183,3951418.183453767
451099.5155089336,3951418.108766074
451099.5755121296,3951418.052978614
451099.6505924675,3951417.997108134
451099.9209631163,3951417.810762509
451100.056046662,3951417.699104574
451100.1912319938,3951417.605931767
451100.3112384041,3951417.494356855
451100.4314483861,3951417.419752198
451100.5816090842,3951417.308011252
451100.7167944273,3951417.214838454
451100.8669551302,3951417.103097514
451101.0172176199,3951417.0098417
451101.167480115,3951416.916585892
451101.3026654702,3951416.823413102
451101.4378508306,3951416.730240314
451101.5129311889,3951416.674369849
451101.6022744388,3951416.470535361
451101.7224844431,3951416.39593072
451101.8576698098,3951416.302757939
451101.9928551862,3951416.209585161
451102.1129634188,3951416.116495401
451102.1729666445,3951416.060707958
451102.2480470155,3951416.004837499
451102.3081520278,3951415.967535184
451102.6480052853,3951414.708637255
451102.7735078545,3951415.595259184
451102.8946338977,3951415.687020695
451103.0298192873,3951415.593847933
451103.1499275413,3951415.500758186
451103.3000883058,3951415.389017287
451103.4352737042,3951415.295844532
451103.5553819641,3951415.202754791
451103.6904655928,3951415.091096912
451103.8256510043,3951414.997924163
451103.9456574955,3951414.8863493
451104.0808429105,3951414.793176554
451104.3806556102,3951414.477269162
451104.515739258,3951414.365611297
451104.6509246869,3951414.272438558
451104.7860083458,3951414.160780698
206221465.3399698,126364124.1923437
451104.9661198946,3951414.011903552
451105.161308593,3951413.862943401
451105.2964940386,3951413.769770674
451105.431679487,3951413.676597948
451105.4315777132,3951413.658112823
451105.5516860139,3951413.565023109
451105.6868714681,3951413.471850388
451105.7468747317,3951413.41606297
451105.9120109402,3951413.285753981
451106.0321192532,3951413.192664274
451106.1522275665,3951413.099574569
451106.2723358869,3951413.006484867
451106.3924442074,3951412.913395165
451106.4525492534,3951412.876092878
451106.5427068278,3951412.820139449
451106.6477380061,3951412.72713276
451106.7679481055,3951412.652528189
451106.8880564359,3951412.559438495
451106.9481614886,3951412.522136212
451107.143452023,3951412.391661229
451107.6196560334,3951476.978030295
451107.3235636472,3951412.242784133
451107.5037770468,3951412.112392167
451107.5789592514,3951412.075006881
451107.7595797339,3951412.018555424
451107.8947652323,3951411.925382737
451108.0148735867,3951411.832293058
451108.1348801755,3951411.720718255
451108.2551920664,3951411.664598832
451108.3754021934,3951411.589994283
451108.4504826386,3951411.534123878
451108.630594302,3951411.385246811
451108.7658815836,3951411.310559263
451108.8859899553,3951411.217469596
451109.0511262481,3951411.087160666
451109.1863117742,3951410.993987999
451109.3064201524,3951410.900898337
451109.4416056862,3951410.807725676
451109.5617140695,3951410.714636018
451109.7720818353,3951410.584078091
451109.967270689,3951410.435118048
451110.0873790852,3951410.342028399
451110.0869720291,3951410.268087895
451110.3274941146,3951410.137363976
451110.5827880751,3951409.951101686
451110.7179736343,3951409.857929043
451110.8381838085,3951409.783324529
451110.973369373,3951409.69015189
451111.1085549426,3951409.596979254
451111.2286633574,3951409.503889619
451111.3638489302,3951409.410716986
451111.4239540228,3951409.373414734
451111.4990345081,3951409.317544354
451111.8893105799,3951409.001139223
442617.2660556441,-1930664.489203061
451112.099576658,3951408.852096227
451112.2946638316,3951408.68465111
451112.4298494303,3951408.591478494
451112.5498561137,3951408.479903751
451112.6249366136,3951408.424033383
451112.6850417204,3951408.386731139
451112.7601222174,3951408.330860772
451113.1054721861,3951408.070160065
451113.2559384682,3951408.013874715
451113.375945172,3951407.902299986
451113.5111307939,3951407.809127385
451113.7815020437,3951407.622782194
451113.9165859158,3951407.511124474
451114.0366943904,3951407.418034879
206220456.4521647,126366427.6136419
451114.2918867487,3951407.213287572
451114.4270723906,3951407.120114988
451114.6232789429,3951407.156006305
451114.743387432,3951407.062916719
451114.8634959213,3951406.969827135
451114.9234992865,3951406.914039781
451114.983604413,3951406.876737552
451115.0586849394,3951406.820867205
451115.1186883114,3951406.765079852
451115.5090663764,3951406.467160009
451115.6441502876,3951406.355502316
451115.7042554186,3951406.318200093
451116.0196547278,3951406.094635739
451116.1396614945,3951405.983061049
451116.2747454233,3951405.871403364
451116.3947521939,3951405.759828677
451116.5298361247,3951405.648170999
451116.5898395161,3951405.592383656
451116.6498429038,3951405.536596314
451116.9049336289,3951405.313363959
451117.0400175751,3951405.201706287
451117.1749997757,3951405.071563495
451117.2052558457,3951405.089882639
451117.3252626408,3951404.978307964
451117.4603465998,3951404.8666503
451117.5354271564,3951404.810779974
451117.7155391078,3951404.661903094
451117.8507248219,3951404.568730562
451117.9107282266,3951404.512943228
451117.9858087936,3951404.457072906
451118.0458122,3951404.401285574
451118.376085307,3951404.140668067
451118.4811167115,3951404.047661521
451118.7212321064,3951403.842997333
451118.7812355238,3951403.787210005
451118.9914000949,3951403.61968205
451119.0515052584,3951403.582379851
451119.1265858404,3951403.526509538
451119.186589258,3951403.470722214
451119.3968555933,3951403.321679395
451119.8172865367,3951403.005108646
451119.8310410352,3951402.764719028
451119.9662268002,3951402.67154653
206877600.9918192,126590553.8751523
451120.2363948535,3951402.448231287
451120.3715806276,3951402.355058795
451120.5066646623,3951402.243401177
451120.6418504424,3951402.150228689
451120.776934486,3951402.038571077
451120.9270956987,3951401.926830484
451121.0621797471,3951401.815172876
451121.2579794273,3951401.777123839
451121.3930634797,3951401.665466236
451121.5281475401,3951401.553808636
451121.5881509861,3951401.498021329
451121.8133928355,3951401.33041046
451121.9484769017,3951401.218752866
451122.0835609758,3951401.107095275
451122.2186450534,3951400.995437685
451122.353729132,3951400.883780099
451122.4887114762,3951400.753637388
451122.6845111832,3951400.715588382
451122.7444129094,3951400.641315956
451122.9544758949,3951400.455302973
451123.1046371593,3951400.343562416
451123.2396195226,3951400.213419718
451123.3896790633,3951400.083194041
451123.5247631682,3951399.971536472
451123.6597455434,3951399.841393779
451123.7948296554,3951399.729736215
451123.869910302,3951399.673865944
442524944.3196129,193967297.5708489
451124.2003872261,3951399.450218909
451124.3506502594,3951399.3569635
451124.4857343873,3951399.245305947
451124.6209202567,3951399.152133519
451124.7560043935,3951399.040475969
451124.8761130958,3951398.947386525
451125.0111972412,3951398.835728978
451125.1613585589,3951398.723988458
451125.2965444431,3951398.630816042
451125.5520425094,3951398.481524442
451125.7022038374,3951398.36978393
451125.7772845074,3951398.313913676
451126.0026282421,3951398.164788041
451126.1528913159,3951398.071532664
451126.3029509285,3951397.941307038
451126.4531122796,3951397.829566539
451126.5881964595,3951397.717909019
451126.6632771382,3951397.662038771
451126.8734420071,3951397.494511008
451126.9484209588,3951397.420155638
442687.3921077945,-1949115.06208
451127.0984805987,3951397.289930026
451127.1735612819,3951397.234059784
451127.5938910646,3951396.899004287
451127.7290769999,3951396.805831909
451127.8642629378,3951396.712659532
451127.9393436331,3951396.656789297
451127.99934715,3951396.601002034
451128.0744278472,3951396.545131798
451128.1193541932,3951396.489427508
451128.4643998952,3951396.173272037
451128.5994841232,3951396.061614548
451128.6745648308,3951396.005744317
451128.8847297698,3951395.838216604
451129.0048385609,3951395.745127215
451129.1399228068,3951395.633469734
214224580.8181925,129060351.3655395
451129.4100913041,3951395.410154778
451129.530098381,3951395.298580272
451129.5447686681,3951395.224556801
451129.6047722048,3951395.168769549
451129.8448880979,3951394.964105669
451129.9649969062,3951394.871016295
451130.1000811774,3951394.759358828
451130.2351654521,3951394.647701364
451130.3852251847,3951394.517475809
451130.505334007,3951394.424386441
451130.6404182917,3951394.312728983
451130.7756042981,3951394.219556652
451130.9411481072,3951394.16318864
451131.0762323992,3951394.05153119
451131.1962395131,3951393.939956706
451131.3312220947,3951393.809814134
451131.4059976767,3951393.698488553
451131.5863135229,3951393.586582211
451131.721397834,3951393.47492477
451131.841303248,3951393.344865172
451131.9613103857,3951393.233290698
451132.0363911338,3951393.177420499
451132.2319876091,3951393.102401456
451132.3519947572,3951392.990826989
451132.411998329,3951392.935039757
451132.6070862346,3951392.767595095
451132.7421705686,3951392.655937672
451132.8772549061,3951392.544280249
451133.0123392493,3951392.432622827
451133.1323464117,3951392.321048371
451133.2674307592,3951392.209390955
451133.402616825,3951392.116218665
451133.5228274258,3951392.041614465
451133.6579117847,3951391.929957053
451133.7779189644,3951391.818382606
451133.9131050414,3951391.725210325
451134.0332139383,3951391.632121006
451134.1682983029,3951391.520463604
451134.2882037815,3951391.390404038
451134.4831900438,3951391.204474295
451134.5883234822,3951391.12995307
451134.7537656627,3951391.055100006
451134.8889517568,3951390.96192774
206218150.0463116,126372087.9471904
451135.1290678852,3951390.757264007
451135.2642539948,3951390.664091747
451135.3842612093,3951390.552517321
451135.519345612,3951390.440859939
451135.6545317305,3951390.347687685
451135.7745389519,3951390.236113266
451135.9096233642,3951390.12445589
451136.0895325047,3951389.938609142
451136.2246169232,3951389.826951771
451136.3598030583,3951389.733779528
451136.4798102993,3951389.622205117
451136.5999192515,3951389.529115835
451136.7350036849,3951389.417458472
451136.8701898293,3951389.324286237
451137.0052742739,3951389.212628877
451137.12528153,3951389.101054477
451137.2603659765,3951388.989397123
451137.3495069155,3951388.748592762
451137.4997702668,3951388.655337581
451137.5748510883,3951388.599467428
451137.7700408943,3951388.45050801
451137.9051253588,3951388.338850665
451138.0251326381,3951388.227276278
451138.1452416253,3951388.134187016
451138.2803260971,3951388.022529678
451138.4154105769,3951387.910872341
451138.5354178706,3951387.79929796
451138.6695870186,3951387.521274504
451138.7605586801,3951387.613202407
451139.0606786395,3951387.352751595
451139.180584244,3951387.222692099
451139.3156687449,3951387.111034776
451139.4356760585,3951386.999460408
451139.5707605661,3951386.887803088
451139.6907678859,3951386.776228725
451139.8258524023,3951386.66457141
451139.9608352212,3951386.534428972
451140.1409479161,3951386.38555256
451140.2009515815,3951386.32976538
451140.5312260111,3951386.069148718
451140.6663105512,3951385.957491417
451140.7263142205,3951385.901704242
451140.9215041361,3951385.752744895
451141.0566903777,3951385.659572724
451141.1767994336,3951385.566483505
451141.3118839848,3951385.454826213
451141.417017546,3951385.380305071
451141.5522038031,3951385.287132909
451141.6123091846,3951385.249830864
451141.7925236327,3951385.11943961
451141.9426853925,3951385.007699381
451142.0627944641,3951384.914610174
451142.1829035406,3951384.821520968
451142.25808612,3951384.784135982
442653.2062792389,-1930688.413745995
451142.5134831712,3951384.616359756
451142.7688802296,3951384.448583538
451142.8890910124,3951384.373979468
451142.9490947108,3951384.318192307
451143.129309195,3951384.18780108
451143.2494182902,3951384.09471189
451143.3695273877,3951384.001622702
451143.5046119925,3951383.889965445
451143.6096438995,3951383.796959205
451143.7296513118,3951383.685384897
451143.8496587271,3951383.573810589
451143.9996171537,3951383.425100145
451144.1645510947,3951383.257821634
451144.2845585214,3951383.146247334
451144.3894887536,3951383.034755979
442524275.0271482,193981432.5728648
451144.5696015935,3951382.885879657
451144.6146298039,3951382.848660578
451144.6746335259,3951382.792873431
451144.9597783091,3951382.550990891
451145.0647085569,3951382.439499544
451145.1697404974,3951382.346493322
451145.2898496388,3951382.25340416
451145.4100604721,3951382.178800126
451145.5301696184,3951382.085710966
451145.6352015702,3951381.992704752
451145.7553107235,3951381.899615595
451145.8603426777,3951381.806609382
451145.920448096,3951381.769307368
451146.0854837921,3951381.620514019
451146.2058980166,3951381.582880243
451146.326007179,3951381.489791097
451146.3710354039,3951381.452572026
451146.5361727983,3951381.322263811
451146.6262292517,3951381.247825672
451146.7161840221,3951381.15490241
441755.1638888058,-1580402.819798609
451146.8813214247,3951381.024594202
451147.0313816314,3951380.894368935
451147.121336412,3951380.801445676
451147.3016527164,3951380.689539662
451147.3466809493,3951380.652320596
451147.3917091849,3951380.615101531
442648.6903182049,-1927004.637600075
451147.4967411713,3951380.522095337
451147.5568466075,3951380.484793336
451147.6618785972,3951380.391787143
451148.0369783387,3951380.056981455
451148.157087541,3951379.963892332
451148.2622212267,3951379.889371273
451148.442842611,3951379.832920656
451148.5629518228,3951379.739831538
451148.6679838341,3951379.64682536
451148.7279875963,3951379.591038241
451148.9232794665,3951379.460564197
451149.1484207045,3951379.274468916
451149.2685299313,3951379.181379809
451149.3887408394,3951379.106775828
206874333.7860084,126598680.9880114
451149.613577054,3951378.865225182
451149.7487634956,3951378.772053148
451149.8839499379,3951378.678881115
451150.0191363805,3951378.585709083
451150.139245621,3951378.492619989
451150.2744320739,3951378.399447961
451150.3945413219,3951378.30635887
451150.5145488959,3951378.194784655
451150.6496336763,3951378.08312751
451150.7097391445,3951378.045825528
451150.9501610175,3951377.896617608
451151.0702702817,3951377.803528527
451151.205355075,3951377.691871389
451151.3254643423,3951377.598782312
451151.4455736122,3951377.505693235
451151.5806584124,3951377.394036102
451151.715844897,3951377.300864099
451151.851031382,3951377.207692096
451151.9711406626,3951377.114603027
451152.1063271532,3951377.021431027
451152.2260297405,3951376.854401465
451152.3611145651,3951376.742744345
451152.49640274,3951376.668057477
451152.6165120323,3951376.574968416
451152.7516985401,3951376.481796428
451152.8718078399,3951376.388707371
451153.0070960267,3951376.314020511
442524005.6430069,193987121.2807184
451153.2623918477,3951376.127759477
451153.3823994849,3951376.016185302
451153.6372886311,3951375.755983783
451153.7573979546,3951375.662894737
451153.8774056042,3951375.551320569
451153.9975149285,3951375.458231529
451154.1175225863,3951375.346657363
451154.2376319133,3951375.253568325
451154.3425623641,3951375.14207709
451154.4475944879,3951375.049070982
451154.5226755328,3951374.993200977
451154.5826793655,3951374.937413899
451154.6278093281,3951374.918679995
451154.9131579783,3951374.713768033
451155.0331656554,3951374.602193882
451155.1531733377,3951374.490619731
-4.121542205602257e+43,-6.241336182449814e+47
451155.4083675875,3951374.285873637
451155.5434524888,3951374.174216567
451155.6034563357,3951374.118429496
451155.7834678764,3951373.951068284
451155.8885000293,3951373.858062192
451155.9632760892,3951373.746736826
451156.0233816111,3951373.709434881
451156.0833854619,3951373.653647813
451156.3387830878,3951373.485871995
451156.4589941365,3951373.411268112
451156.5189979943,3951373.355481046
451156.6841356854,3951373.225173024
451156.8042450704,3951373.132084021
451156.9092772438,3951373.039077942
451157.0143094216,3951372.946071866
451157.164268246,3951372.797361651
451157.2543248794,3951372.722923623
451157.35935706,3951372.629917549
451157.4194625907,3951372.592615615
451157.5846003115,3951372.462307611
451157.6746569494,3951372.387869587
451157.7797908041,3951372.313348643
451157.9749813057,3951372.16438968
451158.0801151656,3951372.08986874
451158.2153017941,3951371.996696836
451158.2902812283,3951371.922341738
451158.380337873,3951371.847903723
451158.4404434155,3951371.810601796
451158.5755283948,3951371.698944773
451158.6654833849,3951371.606021636
451158.7405644853,3951371.550151667
451158.7855928125,3951371.512932661
451158.9205761395,3951371.38279052
451159.0106327973,3951371.30835251
451159.1913560872,3951371.270387239
451159.281311088,3951371.177464107
451159.3713677531,3951371.1030261
451159.4463471977,3951371.028671014
451159.5213266505,3951370.954315927
451159.5963061022,3951370.879960841
451159.6713872146,3951370.82409088
451159.7164155492,3951370.786871879
451159.8364233397,3951370.675297795
451159.8964272349,3951370.619510752
451159.9411505972,3951370.526836378
451160.0161300559,3951370.452481298
451160.0761339538,3951370.396694257
451160.1660889775,3951370.303771135
451160.241170096,3951370.247901178
451160.3162512156,3951370.192031222
451160.4063079017,3951370.117593227
451160.4963645871,3951370.043155234
451160.5714457099,3951369.987285281
451160.646526836,3951369.931415328
559900.5580122513,655846017968.8477
451160.8423273753,3951369.893367175
451160.9323840665,3951369.818929185
451161.0073635419,3951369.744574111
451161.0673674485,3951369.688787077
451161.1422452674,3951369.595946881
451161.2172247465,3951369.521591809
451161.2922042222,3951369.447236738
451161.3821592636,3951369.354313628
451161.4419598706,3951369.261556349
451161.577044924,3951369.149899373
451161.6519227506,3951369.057059183
451161.8316295454,3951368.834242723
451161.9215845987,3951368.741319619
451161.996665746,3951368.685449678
451162.0717468921,3951368.629579739
451162.1618036042,3951368.555141761
451162.2518603178,3951368.480703785
451162.3419170375,3951368.40626581
451162.4022259273,3951368.405934158
451162.5675671032,3951368.312596497
451162.672701047,3951368.238075614
451162.7927089091,3951368.12650157
451162.8827656347,3951368.052063601
451162.9728223594,3951367.97762563
451163.0779563129,3951367.903104751
451163.1981674863,3951367.828500962
451163.4234109716,3951367.660891173
451163.4381832379,3951367.605352891
451163.5433171997,3951367.530832016
451163.6484511609,3951367.456311144
451163.7534834731,3951367.363305149
451163.888670235,3951367.270133334
451164.0087797758,3951367.177044431
451164.1139137451,3951367.102523564
451164.2340232928,3951367.009434665
451164.3390556163,3951366.916428678
451164.4591651666,3951366.823339781
451164.6854251879,3951366.840581266
451164.8055347427,3951366.747492375
451164.9407215249,3951366.654320577
451164.9857499027,3951366.617101602
451165.1659650703,3951366.486710833
451162.3694659571,3950835.963196651
451165.3913102716,3951366.33758622
451165.5114198407,3951366.244497341
451165.6165538312,3951366.169976491
451165.7217894748,3951366.113940767
451165.8265168873,3951365.965479425
451165.9466264636,3951365.87239055
451166.0667360448,3951365.779301676
451166.1718700477,3951365.704780833
451166.2770040525,3951365.630259993
451166.3820364136,3951365.537254029
451166.4871704222,3951365.46273319
451166.5922027875,3951365.36972723
451166.697336802,3951365.295206394
451166.7724180038,3951365.239336494
451166.8323203373,3951365.165064376
450412.5179395559,3951369.252430256
451167.0424867307,3951364.997537588
451167.1624946914,3951364.885963605
451167.2827059421,3951364.811359872
451167.3877383234,3951364.71835392
451167.4928723477,3951364.643833094
451167.5830307928,3951364.587880298
451167.6430347778,3951364.53209331
451167.7931972071,3951364.420353527
451167.8532011969,3951364.364566542
451167.9583352316,3951364.290045721
451168.063469268,3951364.215524902
451168.2586601193,3951364.066566171
451168.3637941608,3951363.992045355
451168.4388753818,3951363.93617547
451168.4988793811,3951363.880388488
451168.5738589654,3951363.80603348
451168.663915783,3951363.731595571
451168.8295620315,3951363.6937134
451168.9346960845,3951363.619192591
451169.0247529048,3951363.544754686
451169.0997325009,3951363.470399682
451169.1896876823,3951363.377476654
451169.2796428723,3951363.284553626
451169.3246712877,3951363.247334676
451169.4597565314,3951363.135677824
451169.5497117245,3951363.042754799
442523474.293763,193998341.180537
451169.804804996,3951362.819524004
451169.9099390629,3951362.745003208
451170.0150731362,3951362.670482412
451170.1051299751,3951362.596044518
451170.2100607772,3951362.484553477
451170.3001176219,3951362.410115584
451170.3750972337,3951362.335760592
451170.465154079,3951362.261322701
451170.5552109303,3951362.186884812
451170.660243377,3951362.0938789
451170.7503002294,3951362.019441013
451170.8553326801,3951361.926435105
451170.9452878978,3951361.833512093
451171.0653975881,3951361.740423289
451171.1703284124,3951361.62893226
451171.2753608698,3951361.535926356
451171.3953689305,3951361.424352431
451171.5005030296,3951361.349831654
451171.6056371304,3951361.275310877
451171.7107712306,3951361.200790103
451171.8009297371,3951361.14483735
451171.8909866064,3951361.070399475
451171.9961207137,3951360.995878703
451172.1161287907,3951360.884304789
451172.1912100661,3951360.828434935
451172.3862994258,3951360.660991174
451172.491331912,3951360.567985284
451179.5694407701,3952625.838267745
451172.7164741193,3951360.381890615
451172.7765797992,3951360.344588786
451172.8812057644,3951360.177642406
451172.9862382614,3951360.084636523
451173.0912707561,3951359.991630641
451173.1814292789,3951359.935677902
451173.2865634104,3951359.861157146
451173.3766203075,3951359.786719286
451173.481652812,3951359.693713408
451173.5717097148,3951359.61927555
451173.6618682444,3951359.563322817
451173.81131943,3951359.322187273
451173.9013763346,3951359.247749417
451173.9913316137,3951359.154826441
451174.0813885261,3951359.080388587
68547059.7749839,71192264.63692419
451174.2915551977,3951358.912861975
451174.39658772,3951358.81985611
451174.4867462628,3951358.763903384
451174.576803181,3951358.689465535
451174.6517828648,3951358.615110581
451174.7860552227,3951358.355572822
451174.8761121499,3951358.281134977
451174.9511934623,3951358.225265149
451175.0261731508,3951358.150910197
451175.1314089436,3951358.094874586
451175.2064902615,3951358.039004761
451175.296547193,3951357.964566919
451175.4016813679,3951357.89004619
451175.4767626869,3951357.834176368
451175.5818968649,3951357.759655638
451175.8823237853,3951357.554661475
451175.9423278699,3951357.498874546
451175.9722791024,3951357.461738519
451176.0171043252,3951357.387549355
451176.0319783132,3951357.350496218
451176.0620311692,3951357.331845315
451176.0770067847,3951357.313277302
451176.0768035349,3951357.276307054
451176.0915759009,3951357.220768793
451176.1214255124,3951357.165147644
451176.2719946705,3951357.127348504
451176.3020475276,3951357.108697601
451176.0063965052,3951297.845227931
451176.3619499982,3951357.034425551
451176.5118077919,3951356.867230549
451176.5717102636,3951356.7929585
451176.6315111104,3951356.700201327
451176.676336345,3951356.626012166
451176.7062875811,3951356.588876142
451176.7361371941,3951356.533254995
451176.9621942021,3951356.513526548
451177.0071210588,3951356.457822514
451177.0370722991,3951356.42068649
451177.0669219146,3951356.365065343
451177.0665154235,3951356.291124849
451177.0513365585,3951356.272722614
451177.0358528249,3951356.198865008
451177.0204707116,3951356.143492524
451177.0202674659,3951356.106522276
451177.1407837855,3951356.08737405
451177.2009911377,3951356.068557376
451177.2461212405,3951356.04982359
451177.2609952407,3951356.012770456
451177.4108530686,3951355.845575469
451177.4104465804,3951355.771634974
451177.4251173399,3951355.697611592
451177.4399913392,3951355.660558459
451177.4397880952,3951355.623588211
451177.4690279822,3951355.457056326
451177.7252395062,3951355.437162124
451177.8154997301,3951355.399694556
451177.8604265978,3951355.343990527
451177.9054550893,3951355.306771619
451177.9504835767,3951355.269552714
451178.1598374501,3951354.954145208
451178.2044594612,3951354.842985808
451178.2344107098,3951354.805849789
451178.3239595991,3951354.638986363
451178.3538092311,3951354.58336522
451178.9415169428,3951354.524677331
451178.9864438244,3951354.468973307
451178.9855292559,3951354.302607194
451179.1506676347,3951354.172299602
451179.2252409154,3951354.024004193
451179.3148914493,3951353.8756259
451179.3743874934,3951353.727413376
451179.4338835372,3951353.579200853
451179.4633267091,3951353.449639221
206870942.1669962,126607635.7569879
451180.0967743251,3951353.483128374
451180.1113434903,3951353.390619875
451180.1560671523,3951353.297945608
451180.170839551,3951353.242407356
451180.2006891971,3951353.186786221
451180.2306404642,3951353.149650209
451180.4252220615,3951352.889781011
451180.5150758582,3951352.778372978
451180.5750800066,3951352.72258608
451181.1322269008,3951352.590123607
451181.1623813975,3951352.589957845
451181.1774586458,3951352.589874965
451181.2377676417,3951352.589543442
451181.25284489,3951352.589460562
451181.2680237524,3951352.607862804
451181.2831010007,3951352.607779923
451181.2982798629,3951352.626182166
451180.7551597393,3951253.823204323
451181.3135603435,3951352.663069533
451181.4041254443,3951352.681057374
451181.977670565,3951352.788818678
451181.9927478131,3951352.788735799
451181.9930526503,3951352.84419117
451181.9932558751,3951352.881161417
451181.9935607124,3951352.936616789
451182.0088411849,3951352.973504156
451182.0242232697,3951353.028876645
451182.039503742,3951353.065764013
451182.0702679152,3951353.176508996
451182.4025770313,3951353.285596399
451182.7352925849,3951353.46862431
451182.7505730534,3951353.505511679
451182.7664631869,3951353.653309789
451182.7670728519,3951353.76422053
451182.7676825168,3951353.87513127
451182.7682921819,3951353.986042012
451182.7686986252,3951354.059982506
451182.7690034577,3951354.115437876
451182.7694099011,3951354.189378371
451183.3739222722,3951354.444854998
451183.359657904,3951354.592818863
451183.3600643425,3951354.666759357
451183.315950315,3951354.870344347
451183.286507097,3951354.999905967
451183.2419866289,3951355.129550464
451183.2120353607,3951355.166686464
451183.1972629467,3951355.222224712
451183.1674132913,3951355.277845837
451183.0482178809,3951355.537300589
451183.2441204367,3951355.517738056
451183.3045310222,3951355.535891673
451183.4557098958,3951355.609003396
451183.4709903601,3951355.645890765
451183.4861692126,3951355.664293011
451183.5013480651,3951355.682695259
451183.5924211788,3951355.79310874
451183.6074984262,3951355.793025863
451183.6377545212,3951355.811345233
451183.6529333731,3951355.829747481
451183.7131407354,3951355.81093085
451183.9846327223,3951355.827924201
451183.9998115734,3951355.846326447
451184.0149904246,3951355.864728696
451184.0907830709,3951355.93825481
451184.1512952622,3951355.974893555
451184.1814497474,3951355.974727803
451184.2872952686,3951356.029603044
451184.272421244,3951356.066656167
451184.4082180333,3951356.084395412
451184.4986814922,3951356.08389816
451184.7853523132,3951356.119293783
451184.830787258,3951356.156015407
451184.8611449557,3951356.192819903
451184.9064782887,3951356.211056403
451184.9368359881,3951356.247860902
451184.967193685,3951356.284665401
451185.0126286213,3951356.321387024
451185.0429863199,3951356.358191522
451185.0733440183,3951356.394996021
451185.1944699824,3951356.486758647
451185.2853398599,3951356.560201897
451185.3761081257,3951356.615160025
451185.4669780005,3951356.688603278
451185.5578478691,3951356.762046531
451185.648717736,3951356.835489785
451185.7395876038,3951356.90893304
451185.8304574725,3951356.982376296
451185.9517866317,3951357.111109179
451186.0276808579,3951357.203120434
451186.2394734527,3951357.331356084
451186.3454205529,3951357.404716474
451186.4362904092,3951357.478159736
451186.5422375038,3951357.551520127
451186.6481845944,3951357.62488052
451187.0420216739,3951357.955458093
451186.8737468483,3951308.137471784
451187.1935052801,3951358.08402525
451187.3601677244,3951358.230994663
451187.4808872375,3951358.248816824
451187.556476635,3951358.285372721
451187.632066032,3951358.321928618
451187.6925781876,3951358.358567386
451188.0861103958,3951358.633689634
451188.1616997853,3951358.670245536
451188.3734923162,3951358.798481237
451188.4340044677,3951358.83512001
451188.5096954577,3951358.890161038
451188.5702076035,3951358.926799813
451188.6458985895,3951358.981840841
451188.7820001224,3951359.055035522
451188.9332804859,3951359.146632463
451189.0693820183,3951359.219827149
451189.2206623783,3951359.311424093
451189.3567639012,3951359.384618783
451189.5078410637,3951359.439245485
451189.6739954586,3951359.493789324
451190.157076612,3951359.602048351
451190.2324627959,3951359.601634023
451190.5639588097,3951359.562840742
451190.6393449938,3951359.562426417
451190.6996539439,3951359.562094958
451190.9860198433,3951359.542035409
451191.0613044337,3951359.523135965
451191.1215117881,3951359.504319385
451191.1968979727,3951359.503905065
451191.2571053252,3951359.485088486
451191.3173126802,3951359.466271908
451191.4528046277,3951359.428555889
451191.6032722155,3951359.372271885
451191.7386625709,3951359.316070748
451191.889130167,3951359.259786747
451192.0244189364,3951359.18510049
451192.1597077057,3951359.110414235
451192.2949964772,3951359.035727981
451192.4002323673,3951358.979692578
451192.5204439054,3951358.90508919
451192.625578208,3951358.830568665
451192.9706276554,3951358.514415758
451193.0606847235,3951358.439978099
451193.2405956949,3951358.254132538
451193.2855226456,3951358.198428587
451193.3304495968,3951358.142724635
451193.5254378168,3951357.956796219
451193.5704663592,3951357.919577393
451193.6604218524,3951357.826654616
451193.7655561772,3951357.752134104
451193.8555116787,3951357.659211331
206212025.1070136,126382998.5890933
451194.0507030975,3951357.510253174
451194.1406585976,3951357.417330403
451194.2307156934,3951357.342892756
451194.3206712017,3951357.249969987
451194.4258055389,3951357.175449484
451194.5157610485,3951357.082526717
451194.6058181509,3951357.008089074
451194.7108509073,3951356.915083452
451194.8009080107,3951356.840645812
451194.8601846631,3951351.165215783
451194.9959978756,3951356.673202551
451195.0860549862,3951356.598764914
451195.1760105087,3951356.505842154
451195.2811448618,3951356.431321662
451195.3711003903,3951356.338398903
451195.4611575028,3951356.263961269
451195.5662918634,3951356.18944078
451195.6562473974,3951356.096518027
451195.7463045148,3951356.022080396
451195.9413944177,3951355.854637157
451196.031349959,3951355.761714406
451196.136484328,3951355.687193925
451196.2265414559,3951355.612756297
451196.3164970003,3951355.519833549
451196.4216313769,3951355.44531307
451196.5115869251,3951355.352390325
451196.6016440595,3951355.277952701
451196.7066768572,3951355.184947104
451196.7967339949,3951355.110509483
451196.886689555,3951355.017586741
451196.9918239377,3951354.943066269
451197.0818810803,3951354.868628652
451197.1718366435,3951354.775705913
451197.2769710338,3951354.701185445
451197.3669265984,3951354.608262707
451197.4569837475,3951354.533825095
451197.546939318,3951354.440902359
451197.6520737154,3951354.366381896
451197.7421308694,3951354.291944286
451197.8320864476,3951354.199021552
451197.9372208479,3951354.124501093
451198.0271764254,3951354.031578362
451198.1172335858,3951353.957140756
451198.2222664173,3951353.864135175
451198.3123235789,3951353.789697572
451198.4023807442,3951353.715259968
451198.5074135792,3951353.622254393
451198.5974707502,3951353.547816791
451198.6874263427,3951353.454894067
451198.7925607589,3951353.380373617
451198.8825163529,3951353.287450897
451198.9725735281,3951353.2130133
451199.0776063774,3951353.120007729
214217007.2892194,129075079.9444325
451199.2577207336,3951352.971132539
451199.3627535864,3951352.878126975
451199.4528107698,3951352.80368938
451199.5427663788,3951352.710766667
451199.6479008111,3951352.636246226
451199.7378564238,3951352.543323515
451199.8279136137,3951352.468885925
451199.9330480535,3951352.394365489
451200.023003674,3951352.301442781
451199.5545079773,3951250.57731992
451200.2180937393,3951352.133999639
451200.308150935,3951352.059562056
451200.3981065606,3951351.966639351
451200.4881637596,3951351.89220177
451200.593298214,3951351.817681341
451200.6832538426,3951351.724758638
451200.7733110511,3951351.650321059
451200.8783439354,3951351.557315512
451200.9684011448,3951351.482877936
451201.1634912414,3951351.315434816
451208.6715557527,3951351.200239788
451201.3435041017,3951351.148074547
451201.4486385698,3951351.073554129
451201.5385942172,3951350.980631434
451201.6286514358,3951350.906193866
451201.7336843401,3951350.813188329
451201.8237415644,3951350.738750762
451201.9136972168,3951350.645828072
451202.1088889224,3951350.496870096
68545860.61931404,71192861.92083181
451202.3039790689,3951350.329427003
451202.3939347329,3951350.236504317
451202.4839919661,3951350.162066756
451202.5890248883,3951350.069061229
451202.6790821272,3951349.994623671
451202.7691393652,3951349.920186113
451202.8741722886,3951349.82718059
451203.0541852114,3951349.659820355
555462.1143868944,655844010525.869
451203.2492753919,3951349.492377283
451203.3393326422,3951349.417939732
451203.4444671451,3951349.343419338
451203.534422831,3951349.250496665
451203.6244800861,3951349.176059115
451203.7144357756,3951349.083136446
451203.8195702857,3951349.008616057
451203.9095259812,3951348.915693387
451203.9995832429,3951348.841255842
451204.1046161942,3951348.748250335
451204.1946734592,3951348.673812792
451204.2847307234,3951348.59937525
451204.3897636828,3951348.506369744
451204.4798209503,3951348.431932204
451204.5697766564,3951348.339009543
451204.6749111847,3951348.264489165
451204.7648668945,3951348.171566505
451204.8549241731,3951348.097128968
451204.9600587044,3951348.022608593
451205.1400716961,3951347.855248404
451205.2451046757,3951347.762242909
451205.3351619579,3951347.687805377
451205.4251176805,3951347.594882723
451205.5302522248,3951347.520362357
451205.6203095118,3951347.445924828
451205.7102652421,3951347.353002179
451205.8153997939,3951347.278481813
451205.905355521,3951347.185559164
451205.9954128169,3951347.111121641
451206.1004458096,3951347.018116157
451206.1905031111,3951346.943678636
451206.2804588479,3951346.85075599
451206.3855934081,3951346.776235632
451200.8066016043,3951346.732946899
451206.5656064567,3951346.608875473
451206.6556637617,3951346.534437957
451206.760696768,3951346.441432479
451206.8507540788,3951346.366994963
451206.9407098329,3951346.274072328
451207.0458444054,3951346.199551978
451207.1359017185,3951346.125114466
451207.2258574758,3951346.032191831
451207.3309920536,3951345.957671484
442522792.1126671,194012744.3826592
451207.5110051366,3951345.790311345
451207.6160381585,3951345.697305878
451207.7060954839,3951345.622868372
451207.7961528106,3951345.548430867
451207.901185843,3951345.455425405
451207.9912431732,3951345.380987902
451208.0811989447,3951345.288065276
451208.1863335361,3951345.21354494
451208.2762893136,3951345.120622316
442720.5290696847,-1927039.542973079
451208.4713796923,3951344.953179362
451208.5614370346,3951344.878741865
451208.6514943738,3951344.804304369
451208.756527424,3951344.711298916
451208.8465847688,3951344.636861423
451208.9365405545,3951344.543938805
451209.0416751642,3951344.469418481
451209.1316309582,3951344.376495866
451209.221688312,3951344.302058376
451209.3268229269,3951344.227538052
451209.4167787242,3951344.134615443
451209.5068360804,3951344.060177954
451209.611869146,3951343.967172513
451209.7019265079,3951343.892735026
451209.7918823101,3951343.799812421
451209.8819396751,3951343.725374937
451209.9870743001,3951343.650854622
451210.0770301147,3951343.557932018
451210.1670874823,3951343.483494537
451210.3621779326,3951343.316051625
451210.4521337475,3951343.223129025
451210.5572683879,3951343.148608718
451210.6473257637,3951343.074171242
451210.7372815887,3951342.981248645
451210.8424162297,3951342.906728341
451210.9323720607,3951342.813805745
451211.022429443,3951342.739368273
451211.1274625401,3951342.64636285
451211.2175199258,3951342.571925381
451211.3074757573,3951342.47900279
451211.4126104136,3951342.404482492
451211.502667804,3951342.330045026
451211.5926236456,3951342.237122437
451211.6977583048,3951342.162602144
451211.7877141478,3951342.069679557
451211.8777715472,3951341.995242096
451211.982804662,3951341.902236681
451212.0728620601,3951341.827799222
451212.1629194596,3951341.75336176
451212.2679525826,3951341.660356353
451212.3580099902,3951341.585918894
451212.4479658459,3951341.492996315
451212.5531005211,3951341.418476031
451212.6430563829,3951341.325553454
451212.7331137946,3951341.251116001
451212.8382484774,3951341.17659572
451212.92820434,3951341.083673146
451213.0182617566,3951341.009235695
451213.1082176297,3951340.916313123
451213.213352315,3951340.841792848
451213.3033081896,3951340.748870277
451213.3933656126,3951340.67443283
451213.498398759,3951340.581427436
451213.5884561831,3951340.506989991
451213.6785136134,3951340.432552547
451213.7835467632,3951340.339547156
451213.8736041946,3951340.265109714
451213.9635600819,3951340.17218715
451214.0686947854,3951340.097666885
451214.1586506788,3951340.004744323
451214.2487081143,3951339.930306886
451214.353842823,3951339.855786625
451214.4437987173,3951339.762864065
451214.5338561623,3951339.688426631
451214.6388893299,3951339.59542125
451214.7289467759,3951339.520983817
451214.8189026798,3951339.428061262
451214.9240374015,3951339.353541007
451215.0140948523,3951339.279103578
451263.2517847521,3951356.50170588
451263.3600644023,3951357.000225003
451263.4217935628,3951357.258685757
451263.6370340635,3951358.015417415
451263.7904439412,3951358.495203202
451263.9589310434,3951358.974906248
451264.1423939192,3951359.436041436
451264.3259582223,3951359.91566175
451266.9805292082,3951357.331585159
451267.163890523,3951357.774235282
451267.3623290616,3951358.216802676
451267.5606661441,3951358.640884953
451267.7740804439,3951359.064884499
451267.9724174863,3951359.488966785
451268.1555758424,3951359.894646686
451268.5669213464,3951360.668788054
451268.7801326871,3951361.055817381
451269.9994256241,3951357.943532806
451270.1975597276,3951358.330644894
206863175.198769,126602692.551821
451270.6087022629,3951359.067816109
451270.8066334624,3951359.417957966
451271.0195404514,3951359.749531976
451271.2023943789,3951360.099756569
451271.3851468726,3951360.431496044
451271.5678993482,3951360.763235522
68543483.40969685,71190112.53289337
451274.1529339144,3951356.497345841
451274.3355849409,3951356.810600252
451274.5183373816,3951357.142339789
451274.6858097288,3951357.437191806
451274.8531806435,3951357.713558705
451275.0053728914,3951357.971523206
451275.2780816135,3951358.210340816
451275.3376806339,3951358.080614073
451275.4123568983,3951357.950804609
451253.988129862,3951311.465976794
214210809.279027,129089964.3114635
451254.1525598985,3951311.206274773
451254.2573909002,3951311.076299629
451254.3471445803,3951310.946407245
451254.4368982676,3951310.81651486
451254.5417292758,3951310.686539719
451254.631381509,3951310.538162214
451254.6763090852,3951310.482458584
451254.7212366665,3951310.426754954
451241.3102188406,3951298.188912337
451241.3550449092,3951298.114723518
451241.3999724724,3951298.059019821
451241.2624274052,3951264.767068752
451241.6690304087,3951297.632372038
451241.7289338286,3951297.558100445
451241.7738613923,3951297.502396752
451241.9684460275,3951297.242528955
451242.0580981909,3951297.094151326
451242.1030257615,3951297.038447632
451241.7244684357,3951296.744755107
451241.0571073549,3951296.027477586
451241.1317836597,3951295.897667847
451241.2366146565,3951295.767692553
451241.3264697972,3951295.656285159
442759.7855749298,-1927088.646288051
451241.505977119,3951295.396500132
451241.6108081251,3951295.266524842
451241.6557357023,3951295.210821148
451241.80529132,3951294.988171922
451236.0915307408,3951297.866337641
451236.1664099579,3951297.773498101
451236.1961586479,3951297.699392043
451236.3308397386,3951297.513795752
451236.3904386232,3951297.384068758
451236.4652163458,3951297.272744101
68543590.59124947,71199235.31317481
451236.5848201071,3951297.087230599
451236.6892450395,3951296.883314765
451236.7341725779,3951296.827611045
451233.5279768214,3951297.806471235
451233.6178318477,3951297.695063763
451233.6925080326,3951297.565253958
451233.7822615584,3951297.435361365
451233.8569377479,3951297.305551563
451233.9015607568,3951297.194392464
451233.9612611108,3951297.083150576
451233.9911112896,3951297.02752963
451234.0728547731,3951289.94706585
451234.1854927022,3951296.73069142
451230.1405491535,3951298.730870787
451230.2303026204,3951298.600978157
451230.3050802561,3951298.489653445
451230.3797563837,3951298.359843614
451230.4543310062,3951298.21154866
451230.5441859902,3951298.100141156
451230.6188621295,3951297.970331326
451230.6935382638,3951297.840521498
451230.7383642533,3951297.766332624
451230.8730452303,3951297.580736249
442809.3009185268,-1949213.310191293
451230.0008941881,3951298.010696219
451229.6995503982,3951298.049322404
451229.7292990337,3951297.975216325
451229.8338253077,3951297.789785528
451229.9086029478,3951297.678460815
451229.9682017405,3951297.548733776
451230.0429793797,3951297.437409063
451230.132631346,3951297.28903131
451230.2073074863,3951297.159221479
451229.5491830413,3951298.124090866
451229.6238591613,3951297.994281027
451229.7137141373,3951297.882873514
451229.788390264,3951297.753063677
451229.8631679038,3951297.641738963
451229.9380470539,3951297.54889937
451230.0128246975,3951297.437574657
451230.0876023428,3951297.326249944
451230.1774573292,3951297.214842435
451230.2673123202,3951297.103434928
451230.2211667062,3951296.937317224
451230.3109201884,3951296.807424596
451230.3856978406,3951296.696099886
451230.4603739873,3951296.566290056
451230.5350501364,3951296.436480226
451230.5946489446,3951296.306753192
451230.6694266046,3951296.195428484
451230.7290254187,3951296.065701452
451230.7886242277,3951295.935974421
451230.863300387,3951295.806164593
451230.9519373006,3951295.472935636
451231.0115361169,3951295.343208605
451231.0712364503,3951295.231966697
451231.1308352702,3951295.102239667
451231.1757627834,3951295.046535917
451231.2803906334,3951294.879590263
451231.3399894587,3951294.749863233
451231.4297429844,3951294.619970617
451231.459491644,3951294.545864544
451231.5641195053,3951294.378918891
442748.1956488917,-1927090.025003168
451231.5617848385,3951293.9537611
451231.6364610262,3951293.82395128
451231.7111372139,3951293.694141461
451231.7707360561,3951293.564414437
451231.830436409,3951293.453172533
451231.8900352569,3951293.323445511
451231.9647114527,3951293.193635692
451232.0393876552,3951293.063825877
451232.0990880103,3951292.952583976
451231.7991651415,3951293.250001786
451231.8738413365,3951293.120191969
451232.0081163889,3951292.860655128
451232.0678167451,3951292.749413227
451232.1276186158,3951292.656656447
451232.2021933126,3951292.508361512
451232.2768695245,3951292.378551698
451232.3364683865,3951292.248824677
451232.3809898978,3951292.11918045
451232.3948491825,3951291.897276202
451232.4696269032,3951291.785951511
451232.5293272751,3951291.674709613
451232.604105004,3951291.563384925
451232.6339551912,3951291.507763975
451232.663703874,3951291.433657906
451233.069472813,3951291.191115948
451232.8727567103,3951291.062796392
451232.9474329398,3951290.932986584
451233.0220076676,3951290.784691655
451233.0363744915,3951290.655213016
451233.0959733789,3951290.525486
451233.1405964119,3951290.414326899
451233.20039831,3951290.321570127
451233.2751760521,3951290.210245443
451233.3649296531,3951290.080352847
451233.4098572063,3951290.024649112
451233.5144851544,3951289.857703484
451233.6043402632,3951289.746296012
451233.7091712259,3951289.616320631
451233.6181995858,3951289.524391768
451233.6929773423,3951289.413067088
451233.7678566032,3951289.32022753
451233.8577117206,3951289.208820061
451233.9475668427,3951289.097412595
513485.4179876258,655837951917.6805
451234.1271755826,3951288.85611254
451234.1868760001,3951288.744870654
451234.2616537705,3951288.63354598
451234.3364315426,3951288.522221306
451234.2159141947,3951288.541368743
451234.2906919696,3951288.430044069
451234.3502908838,3951288.300317063
451234.4098898068,3951288.170590058
451234.4695902256,3951288.059348174
451234.4843630843,3951288.003810021
451234.5737107159,3951287.799976956
451234.6332081449,3951287.651764829
451234.6927055737,3951287.503552705
451234.7372271445,3951287.373908492
451234.8419566498,3951287.225448002
-4.121683948266586e+43,-6.235715361375736e+47
451234.9611545223,3951286.965994001
451235.0357293205,3951286.817699091
451235.0953282592,3951286.68797209
451235.1550287015,3951286.576730212
451235.2296035063,3951286.428435304
451235.2593522286,3951286.354329242
451235.363878759,3951286.16889852
451235.3937289846,3951286.113277581
451235.5886181857,3951285.908865012
451235.663294502,3951285.77905523
451235.7379708181,3951285.649245448
451235.8873234639,3951285.389625886
451235.9770771461,3951285.259733319
451236.051651976,3951285.111438417
451236.0962750814,3951285.000279332
451236.1710529056,3951284.888954674
451236.2607051046,3951284.740576989
451236.2920777949,3951284.96223287
451236.3516767672,3951284.832505879
451236.4262516071,3951284.684210982
451236.4561018421,3951284.628590047
451236.5454495589,3951284.424757002
451236.6201258996,3951284.294947229
451236.6646475178,3951284.165303026
451236.739425361,3951284.053978374
451236.8141017078,3951283.9241686
451236.8737006949,3951283.794441612
451236.8288745839,3951283.868630451
451236.9036524317,3951283.757305801
451236.9632514235,3951283.627578814
451237.0228504103,3951283.49785183
451237.0824494035,3951283.368124843
451237.1572272565,3951283.256800194
451237.2167247605,3951283.108588088
451237.2914011223,3951282.978778319
451237.3510001207,3951282.849051336
451237.4104976309,3951282.700839232
451237.1993130069,3951282.68351309
451237.2290617541,3951282.609407037
451237.2589120037,3951282.553786107
451237.3780085172,3951282.275847018
451237.4525833965,3951282.127552131
451237.4974095195,3951282.053363294
451237.5867572848,3951281.849530261
451237.6613321712,3951281.701235377
451237.6910809304,3951281.627129325
451237.7955060774,3951281.42321351
451237.8555110689,3951281.367427015
451237.9301874599,3951281.237617251
451237.9747091088,3951281.107973056
451238.0492840105,3951280.959678175
451238.0941101422,3951280.885489342
451238.1389362816,3951280.81130051
451238.2732117072,3951280.551763774
505523.8834639342,655837094344.4178
451238.4225645085,3951280.292144257
451238.497240917,3951280.162334499
451238.4824680239,3951280.217872645
451238.5571444294,3951280.088062888
451238.6168449585,3951279.976821035
451238.6913183865,3951279.810041036
451238.7810721743,3951279.6801485
451238.8109224392,3951279.624527575
451238.9154491254,3951279.439096895
451238.9900240573,3951279.290802022
451239.0647004759,3951279.16099227
451239.2758851791,3951279.178318457
451239.3505616098,3951279.048508708
451239.4100591729,3951278.900296619
451239.4846341176,3951278.752001749
442520082.6095752,194069933.1388254
451239.6036292615,3951278.455577573
451239.6782042088,3951278.307282706
451239.7378032769,3951278.177555739
451239.8123782312,3951278.029260874
451239.8717743221,3951277.862563666
451239.7822234834,3951278.029426434
451239.8266436891,3951277.881297128
451239.901218645,3951277.733002262
451239.9308659475,3951277.640411098
451240.035189703,3951277.418010192
451240.0649385015,3951277.343904149
451240.1843396371,3951277.121420465
451240.2437357415,3951276.954723262
451240.2733830502,3951276.8621321
451240.3777068261,3951276.639731197
451240.5719874276,3951276.324408021
451240.6314850326,3951276.176195941
451240.7060600215,3951276.027901083
451240.7806350059,3951275.879606226
451240.8401326197,3951275.731394148
451240.8994272613,3951275.546211828
451240.9740022554,3951275.397916973
451241.0483742831,3951275.212651876
451241.1230507694,3951275.082842143
451241.167572502,3951274.953197965
451241.3155046768,3951274.434786811
451241.3900796923,3951274.28649196
451244.1485407043,3951765.713274321
451241.5090749623,3951273.990067813
451241.5836499827,3951273.841772963
451241.6432491075,3951273.712046011
451241.702848234,3951273.582319061
451241.7773217781,3951273.415539092
451241.8368194236,3951273.26732702
451241.881341174,3951273.137682847
451242.0297808487,3951272.711697311
451242.0742011202,3951272.563568017
451242.1035440144,3951272.415521501
451242.1329883896,3951272.285960105
451242.2219304288,3951272.00818664
451242.2663507049,3951271.860057348
451242.2811236366,3951271.804519211
451171.2956768242,3951271.991173901
451242.4149933908,3951271.471042061
451242.5646509259,3951271.266877982
451242.6394289543,3951271.155553383
451242.6993325631,3951271.081281801
451242.744158792,3951271.007092995
451242.7739076263,3951270.932986963
451243.0425605501,3951270.432398767
451243.1022612048,3951270.321156947
451243.1769377658,3951270.191347232
451243.2516143267,3951270.061537519
451243.2814646576,3951270.00591661
451243.6103257108,3951269.486512216
451243.6699248956,3951269.356785279
451243.7147511391,3951269.282596478
451243.804099181,3951269.078763515
451243.8338480356,3951269.004657486
451243.9381719965,3951268.782256631
451243.9976697105,3951268.634044576
451244.0572689115,3951268.504317642
442519669.5952523,194078647.9659521
451244.2507379845,3951268.04111359
451244.3103371889,3951267.911386658
451244.3849123087,3951267.763091834
451244.444410035,3951267.614879783
451244.5190866414,3951267.48507008
451244.5488355076,3951267.410964055
451244.5785843765,3951267.336858029
451244.6083332438,3951267.262752004
451244.7571790683,3951266.910707003
451244.7870294219,3951266.855086098
451245.0116681408,3951266.576567726
451245.0560884948,3951266.42843845
451245.0859388473,3951266.372817547
451245.1601080791,3951266.150582248
451245.2045284401,3951266.002452973
451245.2489488025,3951265.8543237
451245.3084465589,3951265.706111655
451245.3231180453,3951265.632088403
451245.412364685,3951265.409770336
451245.4718624495,3951265.261558292
451245.5016113337,3951265.187452271
451245.5313602161,3951265.11334625
451245.5905535512,3951264.909678846
451245.6349739237,3951264.761549572
451245.664722811,3951264.687443552
451245.7239161545,3951264.48377615
451245.7684380081,3951264.354131998
442765.2366784632,-1927119.829891075
451245.8574817239,3951264.094843695
451245.9019021029,3951263.946714425
451246.0207961925,3951263.631805226
451246.0653180595,3951263.502161076
451246.1098399211,3951263.372516928
451246.1393858632,3951263.261440668
451246.1840092097,3951263.150281639
451246.2437099498,3951263.039039843
451246.2883332964,3951262.927880814
451246.3330581175,3951262.835206907
451246.3627055396,3951262.742615768
451246.4370777907,3951262.557350722
451246.5116529903,3951262.409055919
451246.5414018909,3951262.3349499
451246.5561748664,3951262.279411772
451246.5859237678,3951262.205305754
451246.6308515477,3951262.14960209
451246.6307500729,3951262.131116969
451246.6606004524,3951262.075496073
451246.6606004524,3951262.075496073
451246.6606004524,3951262.075496073
451246.7957896902,3951261.98232556
451246.8106641424,3951261.945272552
451246.825538597,3951261.908219545
451246.825538597,3951261.908219545
451246.840413047,3951261.871166536
451246.8403115727,3951261.852681415
451246.8403115727,3951261.852681415
451246.8403115727,3951261.852681415
451246.8403115727,3951261.852681415
451246.8403115727,3951261.852681415
451246.8403115727,3951261.852681415
451246.8403115727,3951261.852681415
451246.8403115727,3951261.852681415
451246.8403115727,3951261.852681415
451246.8403115727,3951261.852681415
451246.8403115727,3951261.852681415
451246.8403115727,3951261.852681415
451246.8403115727,3951261.852681415
451246.8696545808,3951261.704634917
451246.8696545808,3951261.704634917
451246.8696545808,3951261.704634917
451246.8696545808,3951261.704634917
487937.0965095509,655835215188.5443
451246.8696545808,3951261.704634917
451246.8696545808,3951261.704634917
451246.8696545808,3951261.704634917
451246.8696545808,3951261.704634917
451246.8696545808,3951261.704634917
451247.0336794706,3951261.370992311
451247.0336794706,3951261.370992311
451247.0336794706,3951261.370992311
451247.0336794706,3951261.370992311
451247.0336794706,3951261.370992311
451247.0336794706,3951261.370992311
451247.0336794706,3951261.370992311
451247.0336794706,3951261.370992311
451247.0336794706,3951261.370992311
-4.121709505411513e+43,-6.233988646730696e+47
451247.3477680862,3951260.907126197
451247.3477680862,3951260.907126197
451247.3477680862,3951260.907126197
451247.3477680862,3951260.907126197
451247.3477680862,3951260.907126197
451247.3477680862,3951260.907126197
451247.3477680862,3951260.907126197
451247.3477680862,3951260.907126197
451247.3477680862,3951260.907126197
451247.3477680862,3951260.907126197
451247.6019530139,3951260.517531639
451247.6019530139,3951260.517531639
451247.6019530139,3951260.517531639
451247.6019530139,3951260.517531639
451247.6019530139,3951260.517531639
451247.6019530139,3951260.517531639
451247.6019530139,3951260.517531639
451247.6019530139,3951260.517531639
451247.6019530139,3951260.517531639
451247.7967415959,3951260.294634236
451247.7967415959,3951260.294634236
451247.7967415959,3951260.294634236
451247.7967415959,3951260.294634236
451247.7967415959,3951260.294634236
451247.7967415959,3951260.294634236
451247.7967415959,3951260.294634236
451247.7967415959,3951260.294634236
451247.7967415959,3951260.294634236
451247.7967415959,3951260.294634236
451247.7968430683,3951260.313119357
451247.7968430683,3951260.313119357
451247.8420752797,3951260.312871058
451247.8420752797,3951260.312871058
451247.8420752797,3951260.312871058
451247.8420752797,3951260.312871058
451247.8420752797,3951260.312871058
206204416.2235739,126418646.2757696
451247.8420752797,3951260.312871058
451247.8420752797,3951260.312871058
451247.8420752797,3951260.312871058
451247.8420752797,3951260.312871058
451247.8420752797,3951260.312871058
451247.8420752797,3951260.312871058
451226.7186319276,3951260.428851218
451247.8420752797,3951260.312871058
451247.9022834276,3951260.294054875
451247.9022834276,3951260.294054875
451247.9022834276,3951260.294054875
451247.9022834276,3951260.294054875
451247.9022834276,3951260.294054875
451247.9022834276,3951260.294054875
451247.9022834276,3951260.294054875
451247.9022834276,3951260.294054875
451247.9022834276,3951260.294054875
451247.9022834276,3951260.294054875
451247.9018775392,3951260.220114394
451247.9018775392,3951260.220114394
451247.9018775392,3951260.220114394
451247.9018775392,3951260.220114394
451247.9018775392,3951260.220114394
451247.9018775392,3951260.220114394
451247.9018775392,3951260.220114394
451247.9018775392,3951260.220114394
451247.9018775392,3951260.220114394
451247.8865971886,3951260.18322692
451247.8865971886,3951260.18322692
451247.8865971886,3951260.18322692
451247.8865971886,3951260.18322692
451247.8865971886,3951260.18322692
451247.8865971886,3951260.18322692
442519340.2046542,194085597.8026917
451247.8865971886,3951260.18322692
451247.8865971886,3951260.18322692
