450438.0825370151,3951403.086454721
450438.0825370151,3951403.086454721
450438.0825370151,3951403.086454721
450438.0825370151,3951403.086454721
450438.0825370151,3951403.086454721
442524930.1437913,193967596.973015
450438.0825370151,3951403.086454721
450438.0825370151,3951403.086454721
450438.0825370151,3951403.086454721
450438.0825370151,3951403.086454721
450438.127459061,3951403.030746891
450438.127459061,3951403.030746891
450438.127459061,3951403.030746891
450438.127459061,3951403.030746891
450438.127459061,3951403.030746891
450438.127459061,3951403.030746891
450438.127459061,3951403.030746891
450438.127459061,3951403.030746891
450438.127459061,3951403.030746891
450438.127459061,3951403.030746891
450438.1723810984,3951402.975039063
450438.1723810984,3951402.975039063
450438.1723810984,3951402.975039063
450438.1723810984,3951402.975039063
450438.1723810984,3951402.975039063
450438.1723810984,3951402.975039063
450438.1723810984,3951402.975039063
450438.1723810984,3951402.975039063
214286793.4439276,129079641.6062215
450438.1723810984,3951402.975039063
450438.1422267502,3951402.97520735
450438.1422267502,3951402.97520735
450438.1422267502,3951402.97520735
450438.1422267502,3951402.97520735
450438.1422267502,3951402.97520735
450438.1422267502,3951402.97520735
450438.1422267502,3951402.97520735
450438.1422267502,3951402.97520735
450438.1422267502,3951402.97520735
450438.1422267502,3951402.97520735
450438.1119692302,3951402.956890503
450438.1119692302,3951402.956890503
450438.1119692302,3951402.956890503
450438.1119692302,3951402.956890503
450438.1119692302,3951402.956890503
450438.1119692302,3951402.956890503
450438.1119692302,3951402.956890503
450438.1119692302,3951402.956890503
450438.0970983789,3951402.993944912
450438.0970983789,3951402.993944912
450438.0970983789,3951402.993944912
450438.0970983789,3951402.993944912
450438.0668408635,3951402.975628066
450438.826143506,3951536.327305643
450438.0981300039,3951403.178796242
450438.1139293173,3951403.308108027
450438.1296254725,3951403.418934683
450438.1602956312,3951403.51119206
450438.1910689585,3951403.621934571
450438.2218422827,3951403.732677083
450438.2373321091,3951403.80653347
450438.2836984178,3951404.009617503
450512.2232960245,3951403.800624702
450438.346070357,3951404.378983591
450438.3619728293,3951404.52678051
450438.4079264841,3951404.655924012
450438.4391124498,3951404.840607057
450438.4549117557,3951404.969918843
450438.5009685711,3951405.117547479
450438.5165615546,3951405.209889001
450438.5782113458,3951405.449859159
450438.6243713159,3951405.615972928
450438.6707376071,3951405.819056963
450438.7168975759,3951405.985170732
450438.7478772109,3951406.132883512
450438.7940371746,3951406.298997281
450438.8250168049,3951406.446710061
450438.8560995954,3951406.612907975
450438.9022595547,3951406.779021744
450438.9328265404,3951406.852793991
450438.9484195146,3951406.945135515
450439.0408425879,3951407.29584819
450439.011823018,3951407.499352937
450439.0578798095,3951407.646981576
450439.1040397601,3951407.813095347
450439.1351225457,3951407.979293261
450439.1661021629,3951408.127006041
450439.2121589487,3951408.274634682
450439.258318898,3951408.440748454
450439.2739118664,3951408.533089978
450439.3506387824,3951408.772976
450439.3815152356,3951408.902203649
450440.2959613369,3951407.954329302
450440.3571984349,3951408.12035894
450440.37279139,3951408.212700465
450440.3882811891,3951408.286556858
450440.4804978794,3951408.600299283
450440.5105490531,3951408.581645872
450440.5426633814,3951408.93269512
450440.5887201451,3951409.080323766
450440.6199060495,3951409.265006817
450440.6660659652,3951409.431120598
450440.7124321916,3951409.634204644
450440.7585921016,3951409.800318425
450440.8199323361,3951409.9848332
450440.8503961361,3951410.040120321
450538.0390324557,3951409.720115595
450440.9581025818,3951410.427719144
450440.9886695385,3951410.5014914
450441.0504223833,3951410.759946709
450441.0965822838,3951410.92606049
450441.142639024,3951411.073689141
450441.1747533228,3951411.424738392
450441.2360935358,3951411.60925317
450441.2822534242,3951411.775366955
450692.8907309787,3951410.522717406
450441.3744700469,3951412.089109389
450441.4357070955,3951412.255139035
450441.496840984,3951412.402683549
552606.9210603978,655849871263.4717
450441.6043410663,3951412.753312115
450441.6199340012,3951412.845653642
450441.5476428758,3951413.400628324
450441.5788287492,3951413.58531138
450441.6249886217,3951413.751425166
450441.6711484995,3951413.917538951
450441.701818592,3951414.009796342
450441.7634682384,3951414.249766523
450441.8096281089,3951414.41588031
450441.8558911327,3951414.600479229
450441.8864580661,3951414.67425149
450441.9020509998,3951414.766593018
450441.8144764022,3951415.284681568
450441.8454559565,3951415.43239436
450441.8916158174,3951415.598508147
450441.9222859045,3951415.690765538
450441.937878834,3951415.783107068
450441.9685489176,3951415.87536446
206937147.5390498,126606725.827762
450442.1228277202,3951416.50301762
450442.1689875731,3951416.669131408
450442.1844773441,3951416.742987805
450441.9914658424,3951417.280150447
450442.0070587688,3951417.372491975
450442.0377288466,3951417.464749367
450442.1150745482,3951417.815546215
450442.1461572396,3951417.98174414
450442.1768273162,3951418.074001534
450442.2073942355,3951418.147773793
450442.2847399204,3951418.498570643
450442.3308997608,3951418.664684433
450442.3770595971,3951418.830798223
450442.1840481344,3951419.367960861
450442.2303111246,3951419.552559784
450442.2458008929,3951419.626416182
450442.3074504913,3951419.866386368
450442.353713479,3951420.050985291
450442.3998733059,3951420.217099082
450442.4309559867,3951420.383297009
450442.4621418251,3951420.567980071
450442.4927087338,3951420.641752331
450442.5543583191,3951420.88172252
450442.3767335008,3951421.474256419
547736.5450598627,655850771316.0449
450442.4841302899,3951421.806399866
450442.5302901061,3951421.972513658
450442.576553079,3951422.157112584
450442.5920428403,3951422.23096898
450442.6227128963,3951422.323226376
450442.7150325237,3951422.655453961
450442.7611923315,3951422.821567753
450442.7918623838,3951422.913825148
-4.120466921261052e+43,-6.242547156749319e+47
450442.526250438,3951423.950507065
450442.5724102478,3951424.116620855
450442.6185700559,3951424.282734649
450442.6492401026,3951424.374992044
450442.7260699578,3951424.633363233
450442.757152619,3951424.799561162
450442.8033124157,3951424.965674955
450442.849575371,3951425.150273884
450442.9108123027,3951425.316303541
450442.7480583882,3951425.871783037
450442.7943213335,3951426.056381964
450442.824888224,3951426.130154226
450442.8404811304,3951426.222495758
450442.9328007101,3951426.554723348
450442.9790636528,3951426.739322275
450443.0252234361,3951426.90543607
450443.0713832245,3951427.071549866
450443.1175430068,3951427.237663662
450443.1487288076,3951427.422346726
450443.285660854,3951427.643411113
450443.3318206294,3951427.80952491
450443.3779804055,3951427.975638707
450443.4242433276,3951428.160237637
450443.4397330702,3951428.234094036
450443.4704031003,3951428.326351435
450443.5476455034,3951428.658663165
450443.5938052736,3951428.824776964
450443.6399650376,3951428.990890762
450443.6710476682,3951429.157088696
450443.6272603992,3951429.416132968
450443.6735233116,3951429.6007319
450443.7348633552,3951429.785246699
450443.7660491331,3951429.969929766
450443.8123120422,3951430.1545287
542137.3076590062,655851639266.0758
450443.889554418,3951430.486840433
450443.9358173199,3951430.671439367
450443.966487337,3951430.763696767
450444.0284462691,3951431.05912237
450443.5956450696,3951431.856423001
450443.6419079733,3951432.041021935
450443.6882740248,3951432.244106003
450443.7496140511,3951432.428620801
-4.120466513899342e+43,-6.243143579440072e+47
450443.811882435,3951432.779501803
450443.8425524489,3951432.871759204
450443.8892279462,3951433.130298672
450443.9666766008,3951433.499580675
450443.8929413999,3951433.795763483
450443.939204286,3951433.980362418
450443.9703900492,3951434.165045486
206937519.1186771,126599715.6696796
450444.0472197803,3951434.423416689
450444.0778897865,3951434.515674089
450444.1703123912,3951434.866386828
441833.1792463829,-1930644.356844874
450444.2475547188,3951435.198698567
450444.29371444,3951435.364812371
450443.9672784865,3951436.309405129
450444.0284121781,3951436.456949664
450444.074675051,3951436.6415486
450444.1208347685,3951436.807662401
450444.1668913335,3951436.955291071
450444.2129478992,3951437.10291974
450444.259107612,3951437.269033543
450444.3053704739,3951437.453632481
450444.3666073031,3951437.619662152
450444.4128701633,3951437.80426109
450444.445190558,3951438.192280632
450444.4758605433,3951438.284538035
450444.552690229,3951438.542909242
450444.5989530811,3951438.727508181
450444.6145459475,3951438.819849717
450444.6913756273,3951439.078220925
214287311.4825444,129064946.6785525
450444.7836950166,3951439.410448538
450444.8450349738,3951439.594963346
450444.8606278364,3951439.687304883
450444.8476137168,3951440.057091692
450444.8937734036,3951440.223205498
450444.9400362358,3951440.407804439
450444.9862990733,3951440.592403382
450445.0474327176,3951440.739947923
450445.0785152855,3951440.906145863
450445.1246749661,3951441.072259672
450445.1557575337,3951441.238457611
450445.1713503859,3951441.330799149
450445.2329997719,3951441.570769361
450445.1596772008,3951441.940892698
450445.2209139825,3951442.106922376
450445.2982593649,3951442.457719259
450445.3595992871,3951442.642234073
450445.4057589541,3951442.808347882
450445.4672020227,3951443.011347829
450445.4827948735,3951443.103689366
450445.4983877241,3951443.196030905
450445.5290576844,3951443.288288311
450445.5486733217,3951444.101550072
441834.710155385,-1930635.132858266
450445.6260186708,3951444.45234696
450445.6721783265,3951444.618460772
450445.7028482737,3951444.710718179
450445.7183379714,3951444.784574584
450445.8107604177,3951445.135287343
450445.8263532617,3951445.227628881
450445.8570232121,3951445.319886289
450445.9343685372,3951445.67068318
441888.2383840307,-1949072.625843152
450445.9520243341,3951446.1327274
450445.9676171774,3951446.225068937
450446.044446756,3951446.483440161
450446.105683494,3951446.649469844
450446.1519462727,3951446.834068792
450446.1674359633,3951446.907925198
450446.2441623859,3951447.147811288
450446.2902188678,3951447.295439971
440919.4027697811,-1580342.509450408
450446.3680798966,3951447.738662536
450446.4294197647,3951447.923177355
450446.4907596327,3951448.107692176
450446.5218421529,3951448.273890122
450446.5829757216,3951448.421434676
450446.6136456515,3951448.513692087
450446.6904751952,3951448.772063315
450446.7215577074,3951448.938261263
450446.8291603156,3951449.307375038
450446.8001407239,3951449.510879771
450446.831223234,3951449.677077719
450446.8926662281,3951449.880077677
450446.9389289751,3951450.06467663
450446.985088577,3951450.230790449
450447.0156553536,3951450.304562729
450447.0774077734,3951450.563018089
450447.1542372848,3951450.821389322
450447.2158865544,3951451.06135955
450447.2627681619,3951451.35686931
450447.324004843,3951451.522899003
450447.3701644284,3951451.689012824
450447.4163240168,3951451.855126646
450447.4625867411,3951452.039725602
450447.5086431768,3951452.18735429
450447.5548027555,3951452.353468113
450447.6010654793,3951452.53806707
450447.6320448206,3951452.685779888
450447.6783075389,3951452.870378844
450447.9062173635,3951453.18336421
450447.9523769277,3951453.349478034
450448.0136135875,3951453.515507732
450448.0597731481,3951453.681621558
450448.0908556218,3951453.847819511
450448.1370151839,3951454.013933336
450448.1983549746,3951454.19844817
450448.2446176739,3951454.38304713
450448.2907772305,3951454.549160958
450448.3219628378,3951454.733844045
450448.5948975694,3951455.009606779
450448.6258768888,3951455.157319599
450448.6719332878,3951455.304948294
450448.6874229441,3951455.378804704
450448.7491752855,3951455.637260078
450448.8104119108,3951455.803289783
450448.8409786563,3951455.877062066
450448.8565714524,3951455.969403611
450448.8871381923,3951456.043175897
450449.0251010825,3951456.449091717
450449.0114679821,3951456.707967722
450449.0420347161,3951456.781740008
450449.148605726,3951456.966002471
450449.2097391963,3951457.113547043
450449.2403059319,3951457.187319329
450449.3169290451,3951457.408720315
450449.3329343977,3951457.575002396
450449.3641199741,3951457.759685489
450449.3500743006,3951457.944620956
450449.3962338217,3951458.110734789
450449.2773705532,3951458.425655074
450449.2934790487,3951458.61042229
450449.3094844001,3951458.776704375
450449.3406699733,3951458.961387468
450449.3717524043,3951459.127585425
450449.4028348388,3951459.293783383
450449.4488912048,3951459.441412082
450449.5101277947,3951459.607441791
450449.5413133611,3951459.792124886
450449.5874728653,3951459.958238719
450449.573324051,3951460.124689053
450449.6194835529,3951460.290802887
450449.6657461959,3951460.475401856
450449.712008837,3951460.660000825
450449.7582714763,3951460.844599795
450449.804430969,3951461.010713631
450449.850590467,3951461.176827467
450449.8967499586,3951461.342941302
450449.9279355095,3951461.527624398
450449.9741981425,3951461.712223369
450450.0804596549,3951461.84103044
450450.1267222809,3951462.025629412
450450.172881761,3951462.19174325
450450.2190412463,3951462.357857089
450450.2500205112,3951462.505569916
450450.2962831281,3951462.690168888
-4.120468254869523e+43,-6.245192798310885e+47
450450.388602081,3951463.022396565
450450.419271924,3951463.114653991
450450.4961012395,3951463.373025255
450450.7391909137,3951463.704411704
450450.7853503743,3951463.870525546
450450.8464837747,3951464.018070129
450450.8620765373,3951464.110411678
450450.9389058274,3951464.368782949
450450.9850652879,3951464.534896789
450451.0461986737,3951464.682441374
450451.0924612682,3951464.867040352
450451.1386207167,3951465.033154196
450451.1847801679,3951465.199268039
450451.3672520744,3951465.475535591
450451.3828448272,3951465.567877141
450451.413514654,3951465.660134569
450451.5209106079,3951465.992278138
450451.5670700451,3951466.158391982
450451.628306554,3951466.324421707
450451.6594920511,3951466.509104809
450451.6905744176,3951466.675302776
442527505.743542,193913185.5936365
450451.7828932775,3951467.00753047
450451.8579692113,3951466.95165446
450451.9042317736,3951467.136253442
450451.9503912005,3951467.30236729
450452.0116276878,3951467.468397017
450452.0577871134,3951467.634510865
450452.0888694666,3951467.800708835
450452.1501059504,3951467.966738562
450452.180672626,3951468.040510858
450452.2273477178,3951468.29905038
450452.2736102637,3951468.483649364
450452.8129811897,3951467.870611608
450452.8591405961,3951468.03672546
450452.9055062662,3951468.239809581
450452.921099001,3951468.332151135
450452.951665669,3951468.405923435
450453.0591646655,3951468.756552156
450453.0898344623,3951468.848809591
450453.1515865898,3951469.107264998
450453.2128230451,3951469.273294732
450453.2284157752,3951469.365636286
450453.4542623327,3951469.308919103
450453.5154987833,3951469.474948841
450453.5460654403,3951469.548721143
450453.6379716756,3951469.807008317
450453.6842341871,3951469.991607309
450453.6997237811,3951470.065463729
450455.853944469,3951839.952603019
450453.8378925151,3951470.508349897
450453.8840518827,3951470.674463756
450453.914618535,3951470.748236058
450453.4962767292,3951471.434541341
450453.5423329729,3951471.582170062
450453.5885954781,3951471.766769053
450453.6347548511,3951471.932882911
450453.6959912791,3951472.098912651
450453.7422537809,3951472.283511642
450453.7884131463,3951472.4496255
450453.8346756469,3951472.634224492
450453.8959120619,3951472.800254233
450453.9265818391,3951472.89251167
450453.8680268525,3951473.20709543
450453.8835164377,3951473.280951851
450453.9140830815,3951473.354724154
450454.0064017963,3951473.686951872
450454.0219945112,3951473.779293427
450454.0988236384,3951474.037664725
450454.1600600439,3951474.203694467
450454.2063225238,3951474.388293462
450454.2525850017,3951474.572892458
450454.3139245344,3951474.757407335
450454.1211199026,3951475.331540036
450454.167279251,3951475.497653896
450454.2135417245,3951475.68225289
450454.289855172,3951475.848198516
450454.3510915621,3951476.014228261
450454.4122248215,3951476.16177287
450454.4733580786,3951476.309317481
450454.5040278363,3951476.401574921
450454.5957277133,3951476.622891837
450454.6419901747,3951476.807490835
450454.6741037566,3951477.158540163
450454.7047735117,3951477.250797601
450454.7965765056,3951477.490599656
450454.8272462607,3951477.582857098
450454.842735831,3951477.656713519
450454.8734055781,3951477.748970961
450455.0264449285,3951478.154802766
450455.0575271958,3951478.321000746
450455.0736355417,3951478.505767978
450455.1197948523,3951478.671881844
450455.1365219742,3951478.967559884
450455.1977583329,3951479.133589633
450455.2439176336,3951479.2997035
450455.2745873781,3951479.391960944
450455.3513132898,3951479.631847118
450455.3974725922,3951479.797960986
450455.4130652833,3951479.890302544
450455.5048682347,3951480.130104607
450455.5204609242,3951480.222446164
450455.5971868203,3951480.462332342
450455.5237610489,3951480.813970478
450455.5699203401,3951480.980084346
450455.6161827606,3951481.16468335
450455.6468524906,3951481.256940794
450455.6774190914,3951481.330713104
450455.7850209628,3951481.699826996
450455.8311802472,3951481.865940867
450455.8623656139,3951482.050623986
450455.8935509794,3951482.235307106
450455.9246332155,3951482.401505091
450455.7917243092,3951482.901360763
450455.8230128042,3951483.104529017
450455.8391211275,3951483.289296252
450455.8701002331,3951483.437009102
450455.8706158745,3951483.529434775
450455.9172907872,3951483.787974322
450455.9634500613,3951483.954088192
450455.9789396121,3951484.027944617
450456.0105374788,3951484.286568278
450456.0566967466,3951484.452682149
450455.9231690944,3951484.841627011
450455.9542513266,3951485.007824997
450456.0004105873,3951485.173938869
450456.0313896844,3951485.321651719
450456.0624719107,3951485.487849705
450456.093554136,3951485.65404769
450456.139713391,3951485.820161562
450456.1707956115,3951485.986359548
450456.1863882874,3951486.07870111
450456.2482433412,3951486.355641678
450456.1739925714,3951486.559398733
450456.2201518274,3951486.725512605
450456.2663110748,3951486.891626479
450456.3124703277,3951487.057740352
450456.3737066025,3951487.22377011
441900.1594320006,-1949031.213097229
450456.4505355533,3951487.482141433
450456.5272613702,3951487.722027619
450456.5734206117,3951487.888141493
450456.6043996908,3951488.035854347
450456.5138343714,3951488.017873893
450456.5449165804,3951488.18407188
450456.591075817,3951488.350185756
450456.6371319253,3951488.497814496
440931.3674205614,-1580301.263224292
450456.7143733625,3951488.83012636
450456.7606357196,3951489.01472537
450456.8067949482,3951489.180839246
450456.8528510535,3951489.328467988
450456.8990102766,3951489.494581864
450456.9606590387,3951489.734552169
450457.006921384,3951489.91915118
450457.0381067017,3951490.103834305
450457.1153481112,3951490.436146174
450457.1308376424,3951490.510002601
450457.2226404459,3951490.749804681
450457.2536195029,3951490.897517538
450457.2997787178,3951491.063631417
450457.315371372,3951491.15597298
450457.5142602205,3951491.672463305
450457.5604194222,3951491.838577186
450457.6828918747,3951492.170636723
450457.7289479486,3951492.31826547
450457.7596176182,3951492.410522922
450457.7751071409,3951492.484379352
450457.867528652,3951492.83509225
450457.9288679915,3951493.019607156
450457.9900010778,3951493.167151793
450458.0675518019,3951493.554919075
450458.1751534367,3951493.924033002
450458.2213126153,3951494.090146886
450458.26747179,3951494.25626077
450458.2985539467,3951494.422458766
450458.3296361025,3951494.58865676
450458.3757952726,3951494.754770645
450458.4068774282,3951494.92096864
450458.4531397209,3951495.10556766
450458.408939896,3951495.290671345
450458.440125168,3951495.475354476
450458.4556146802,3951495.549210905
450458.5022894596,3951495.807750467
450458.5484486277,3951495.973864354
450458.5945046663,3951496.121493105
450458.6408700725,3951496.324577262
450458.6869261103,3951496.472206013
450458.7631361784,3951496.619666544
450458.8092953354,3951496.785780432
450458.6895041818,3951496.934334393
450458.7508434754,3951497.118849305
450458.7819256143,3951497.285047303
450458.8280847655,3951497.451161191
450458.8742439148,3951497.61727508
450458.8898365427,3951497.709616645
450458.9665622134,3951497.949502856
450459.0126182357,3951498.097131609
450459.0588805007,3951498.281730634
450459.1050396419,3951498.447844522
450459.0158150252,3951498.670170802
450459.0618710431,3951498.817799556
450459.1231071947,3951498.983829336
450459.0782886464,3951499.058022206
450459.2003484583,3951499.316141225
450459.2465075896,3951499.482255116
450459.292666726,3951499.648369006
450459.3388258563,3951499.814482897
450459.4001651177,3951499.998997814
450459.4311441141,3951500.146710678
450459.5076635011,3951500.349626623
450459.5538226285,3951500.515740515
450459.3889036007,3951500.683031929
450459.6310638594,3951500.848052408
450459.6771198588,3951500.995681165
450459.7232789731,3951501.161795059
450459.7539486003,3951501.254052518
450459.8305710939,3951501.475453601
450459.8766270847,3951501.62308236
450459.9227861969,3951501.789196254
450459.8937665062,3951501.992700959
450467.2370943433,3951502.099624444
450459.9709045945,3951502.30652772
450460.0321407064,3951502.472557506
450460.0631196822,3951502.620270374
450460.1092787837,3951502.786384269
450460.1555410059,3951502.9709833
450460.2167771145,3951503.137013086
450460.2630393259,3951503.321612119
450460.2785288107,3951503.395468553
450433.4731598433,3951503.822329093
450461.1102389684,3951503.834485931
450461.1565011624,3951504.019084967
450461.2176341253,3951504.166629626
450461.2638963156,3951504.351228664
450461.3100553885,3951504.517342565
450461.3562144553,3951504.683456467
450461.4023735272,3951504.849570369
450461.4485325929,3951505.015684271
450889.8624406712,3951502.802527579
450462.3400349689,3951505.361939664
450462.3860909013,3951505.509568436
450462.4322499454,3951505.675682344
450462.4784089901,3951505.841796251
450462.5245680308,3951506.007910159
450462.5707270699,3951506.174024067
450462.6320662251,3951506.358539007
450462.6782252581,3951506.524652915
-4.120475056802144e+43,-6.248170147335683e+47
450462.7705433285,3951506.856880734
450463.37486069,3951507.075338248
450463.4210197057,3951507.241452161
450463.45199861,3951507.389165041
450463.483080629,3951507.555363055
450463.5293427558,3951507.739962105
450463.5755017701,3951507.906076017
450463.6065837828,3951508.072274033
206938029.9650557,126570622.7554524
450463.6687478049,3951508.404670064
450463.7150099261,3951508.589269115
450463.6865057388,3951508.885199485
450463.7326647423,3951509.0513134
450463.7633343,3951509.143570874
450463.7789268545,3951509.235912451
450463.8713479701,3951509.586625417
450463.9020175223,3951509.67888289
450463.978846073,3951509.937254281
450464.0250050682,3951510.103368198
450464.0862410511,3951510.269398013
450464.132400045,3951510.435511929
450464.1036896224,3951510.69447203
450464.1498486139,3951510.860585946
450464.1804150448,3951510.934358286
450464.2571404657,3951511.174244544
450464.2727330165,3951511.266586121
450464.2882224531,3951511.340442562
68576226.00531775,71185752.31167862
450464.4117255121,3951511.857353554
450464.4729614832,3951512.023383372
450464.5040434662,3951512.189581391
450464.5808719748,3951512.447952787
450464.6270309444,3951512.614066706
450464.6881637932,3951512.761611391
450464.7192457724,3951512.927809411
450464.7654047371,3951513.093923331
450464.8115637002,3951513.260037251
450464.8578257722,3951513.444636308
450464.8883921934,3951513.518408651
450464.9653237903,3951513.795265187
450465.0114827486,3951513.961379108
450465.073234241,3951514.21983461
450465.1344701842,3951514.385864432
450465.1958092283,3951514.570379392
450465.2420712907,3951514.75497845
450465.2882302346,3951514.921092373
450465.3494661669,3951515.087122198
450465.3956251094,3951515.253236121
450465.4417840504,3951515.419350046
450465.4879429942,3951515.58546397
450465.5191280543,3951515.77014713
450465.5047728375,3951515.899627179
450465.5509317709,3951516.065741103
450465.5670398471,3951516.250508361
450465.6131987845,3951516.416622286
450465.6593577135,3951516.582736212
450465.7056197543,3951516.767335274
450465.7367016997,3951516.933533298
450465.7979376106,3951517.099563126
450465.8441996461,3951517.284162188
450465.9054355503,3951517.450192017
450466.0123148342,3951517.689910095
450466.0584737519,3951517.856024022
450466.1045295597,3951518.003652814
450466.1657654545,3951518.169682645
450466.2119243692,3951518.335796573
450466.2740882303,3951518.668192626
450466.3353241175,3951518.834222459
450466.3813799206,3951518.981851251
450466.4276419326,3951519.166450317
450466.4134929197,3951519.332900637
450466.4595487168,3951519.480529431
450466.5058107272,3951519.665128498
450466.5669434987,3951519.812673196
450466.659467503,3951520.181871329
450466.7056264011,3951520.347985259
450466.7667591602,3951520.495529959
450466.7978410765,3951520.661727989
450466.8439999675,3951520.82784192
450466.7243121214,3951520.994880917
450466.7705741145,3951521.179479984
450466.8012436013,3951521.27173747
450466.8940769042,3951521.696391015
450466.9403388973,3951521.880990083
450466.9714208037,3951522.047188113
450467.0175796825,3951522.213302046
450467.0637385596,3951522.37941598
450467.1098974374,3951522.545529913
450466.8700062541,3951522.787182222
450466.9006757301,3951522.879439708
450467.0085859893,3951523.304009157
450467.0548479678,3951523.488608226
450467.1010068381,3951523.654722161
450467.1472688152,3951523.839321231
450467.1935307904,3951524.023920302
450467.2395865496,3951524.1715491
450467.2858485191,3951524.356148172
450467.1966239736,3951524.578474379
450467.2587877614,3951524.910870441
450467.2743802578,3951525.003212024
450467.3360285107,3951525.243182408
450467.3821873697,3951525.409296344
450467.4283462224,3951525.57541028
450467.4895820478,3951525.741440121
450467.5205608242,3951525.889153016
450467.5817966458,3951526.055182858
450467.4929845307,3951526.351449606
450467.5391433769,3951526.517563543
450467.5697097331,3951526.591335895
450467.600379194,3951526.683593384
450467.7078769547,3951527.034222301
450467.7535202706,3951527.107910559
450467.8152715999,3951527.366366082
450467.8614304396,3951527.53248002
450467.9071768543,3951527.624653415
450468.0141590695,3951527.882856654
450468.029957767,3951528.012168512
450468.1220692198,3951528.30742612
450468.1531510841,3951528.473624154
450468.2144899789,3951528.658139136
450468.2603394929,3951528.768797669
450468.3066014193,3951528.953396745
450468.3527602399,3951529.119510688
450468.398919059,3951529.285624628
450468.4449747726,3951529.433253435
450468.4759535284,3951529.580966336
450468.4921646288,3951529.784218737
450468.5382203385,3951529.931847545
450468.5693021902,3951530.098045581
450468.5328753531,3951515.457565715
450468.6614136024,3951530.393303195
450468.6925985581,3951530.577986368
450468.70808793,3951530.651842818
450468.7386542606,3951530.725615175
450468.8308687664,3951531.039357928
450468.8770275672,3951531.205471871
450468.8628785349,3951531.37192219
450468.8797082413,3951531.68608541
450468.9391912487,3951531.537867947
450468.9871027922,3951532.018229207
450469.0482354417,3951532.165773922
450469.1093680869,3951532.313318639
450469.1555268764,3951532.479432584
450469.2016856665,3951532.645546531
450469.2478444549,3951532.811660477
450469.3091832966,3951532.996175468
450469.2350357447,3951533.218417565
450474.5121032326,3952471.136141045
450469.3424302652,3951533.550561366
450469.3886921462,3951533.73516045
450469.4196708706,3951533.882873354
450469.4659327485,3951534.067472437
450469.4970145722,3951534.233670479
450469.5279932886,3951534.381383383
450469.5741520626,3951534.547497332
450469.6052338828,3951534.713695372
452599.116644669,655862181493.4867
450469.7437101885,3951535.212037219
450469.7897658466,3951535.359666034
450469.8204352584,3951535.451923531
450469.8670064233,3951535.691978025
450469.9131651846,3951535.858091976
450469.9593239421,3951536.024205926
450469.9904057482,3951536.190403969
450470.0516414543,3951536.356433829
441852.0554672118,-1926855.074408454
450470.1135988589,3951536.651859642
450470.1905301101,3951536.928716229
450470.2216119091,3951537.094914272
450470.2371012581,3951537.168770725
450470.2987493536,3951537.408741132
450470.3449080986,3951537.574855086
450470.3910668397,3951537.740969039
450470.4523025259,3951537.906998902
441863.0579381271,-1930541.34360159
450470.5294399557,3951538.220825762
450470.5004201624,3951538.424330443
450470.5326360447,3951538.793864986
450470.5938717238,3951538.959894851
450470.6551073983,3951539.125924714
450470.6705967404,3951539.19978117
450470.7473217554,3951539.439667489
450470.823737469,3951539.6240984
441916.6282052153,-1948978.815700319
450470.9310287586,3951539.937757087
450470.9922644205,3951540.103786954
450471.0691956166,3951540.380643548
450471.1304312706,3951540.546673416
450471.1917700277,3951540.731188421
450471.2379287401,3951540.89730238
450471.2840874485,3951541.063416337
450471.3452199983,3951541.210961069
450471.4064556463,3951541.37699094
450471.4675881944,3951541.524535674
450471.5136437977,3951541.672164496
450471.574879442,3951541.838194368
450471.5158088498,3951542.06035236
450471.5618644498,3951542.207981184
450471.608126248,3951542.39258028
450471.65428494,3951542.55869424
450471.7004436349,3951542.724808201
450471.746602326,3951542.890922162
450471.8237396728,3951543.204749037
450471.8849752943,3951543.37077891
450471.931133981,3951543.536892872
450472.1726742694,3951543.59100287
450472.2339098818,3951543.757032746
450472.2800685624,3951543.923146709
450472.3412010769,3951544.070691448
450472.3873597517,3951544.236805413
450472.4179260074,3951544.310577783
450472.4947540295,3951544.568949256
450472.5409126968,3951544.735063221
450472.6020452062,3951544.882607963
450472.6482038677,3951545.048721929
450472.6808320311,3951545.492197028
450472.7419645241,3951545.63974177
450472.7881231839,3951545.805855738
450472.834281842,3951545.971969704
450472.8803374011,3951546.119598536
450472.9414698959,3951546.267143279
450472.9876285443,3951546.433257247
450473.0640441543,3951546.61768818
450473.1100997064,3951546.76531701
450473.1712321909,3951546.912861757
450473.127032342,3951547.09796538
450473.1440680688,3951547.449098887
450473.1902267101,3951547.615212857
450473.2362822577,3951547.76284169
450473.2824408957,3951547.928955659
450473.2979302045,3951548.002812119
450473.374655075,3951548.242698463
450473.4208137082,3951548.408812433
450473.4669723443,3951548.574926403
450473.5129247842,3951548.704070101
450473.4702713487,3951549.166450772
450473.5314038091,3951549.313995521
450473.6074070074,3951549.424485911
450473.6684363703,3951549.553545525
450473.7445426605,3951549.682521053
450473.8356227842,3951549.79292736
450473.8661890073,3951549.866699735
450473.9878353489,3951550.050878419
450474.0639416327,3951550.17985395
450474.1400479097,3951550.308829482
450474.278936105,3951550.881111952
450474.3399654509,3951551.01017157
450474.4312517331,3951551.157548157
450474.5074610884,3951551.305008828
450474.5836704458,3951551.452469499
450474.6142366572,3951551.526241878
450476.4088029505,3951551.59017661
450474.797221571,3951551.894935603
450474.8583539892,3951552.042480361
450474.9044094898,3951552.190109204
450474.7555989941,3951552.542167635
450474.8168345069,3951552.708197528
450474.8779669217,3951552.855742288
450474.9392024279,3951553.021772183
450474.9702840857,3951553.187970245
450475.016339579,3951553.335599088
450475.0623950662,3951553.483227931
450475.1386043942,3951553.630688607
450475.1695829582,3951553.778401534
450475.2157415288,3951553.944515515
450475.1871340496,3951554.22196073
450475.2482664484,3951554.369505493
450475.3093988475,3951554.517050255
450475.3554543264,3951554.664679098
450475.4166898095,3951554.830708996
450475.4475652798,3951554.959936787
450475.5086976648,3951555.10748155
450475.5547531375,3951555.255110396
450475.6008086064,3951555.402739243
450475.6469671658,3951555.568853225
450475.6029734897,3951555.790927112
450475.6641058736,3951555.938471875
450475.6795951501,3951556.01232834
450475.7563198915,3951556.252214707
450475.8023753546,3951556.399843554
450475.8485339007,3951556.565957537
450475.8945893631,3951556.713586385
450475.9251555487,3951556.787358769
450475.9867002741,3951557.008844082
450476.0176788158,3951557.156557012
450475.973994406,3951557.434086306
450476.0199467709,3951557.56323002
450476.050925308,3951557.710942951
450476.0969807545,3951557.858571798
450476.1580100303,3951557.987631429
450476.2040654738,3951558.135260278
450476.2501209225,3951558.282889128
450476.2810994535,3951558.430602059
450476.3121810718,3951558.596800127
450476.3427472478,3951558.670572513
450476.3744473932,3951558.947681401
450476.4206059211,3951559.113795388
450476.4667644473,3951559.279909377
450476.4978460595,3951559.446107445
450476.5440045804,3951559.612221434
450476.5594938437,3951559.6860779
450476.6211416202,3951559.926048354
450476.6822739624,3951560.073593126
450476.7284324768,3951560.239707116
450476.7896679002,3951560.405737024
450476.7304942267,3951560.609409851
450476.7766527376,3951560.775523841
450476.8228112515,3951560.94163783
450476.8688666695,3951561.089266683
450476.9301020849,3951561.255296593
450477.0062082307,3951561.38427215
450477.0522636459,3951561.531901005
450477.0984221463,3951561.698014996
450477.1445806474,3951561.864128988
450477.1601729866,3951561.956470592
450477.2376192478,3951562.325752929
450477.2687008362,3951562.491951001
450477.3299362326,3951562.657980915
450477.3760947247,3951562.824094907
450477.4223562991,3951563.008694037
450477.4834886054,3951563.156238815
450477.5446209076,3951563.303783592
450477.5907793927,3951563.469897588
450477.6520147766,3951563.635927501
450477.6981732558,3951563.802041497
450477.714074843,3951563.949838514
450477.7753102238,3951564.115868431
450477.8213656153,3951564.263497289
450477.8674210029,3951564.411126147
450477.9286563802,3951564.577156064
450477.9898917484,3951564.743185981
450478.0359471331,3951564.890814841
450478.0821055991,3951565.056928839
450478.1281609809,3951565.204557699
450478.1592425436,3951565.370755774
450478.2215087526,3951565.721637063
450478.2675641265,3951565.869265923
450478.3137225812,3951566.035379922
450478.3598810409,3951566.20149392
206938487.8574274,126547764.1227339
450478.4215287296,3951566.44146439
450478.4520948622,3951566.515236782
450478.4676871807,3951566.607578389
450478.5170412369,3951567.346731633
450478.5631996842,3951567.512845633
450478.6092550439,3951567.660474496
450478.6703873024,3951567.808019282
206280557.2224718,126324806.6737163
450478.7477303668,3951568.158816498
450478.7937857226,3951568.306445363
450478.8550210525,3951568.472475286
450478.962311731,3951568.786134076
450478.9194519629,3951569.211544459
450478.9504304152,3951569.3592574
450478.9966919256,3951569.54385654
214288214.0548601,129011746.1346178
450479.0734164681,3951569.783742936
450479.1039825868,3951569.85751533
450479.2112732408,3951570.171174126
440957.5458656417,-1580219.613446947
450479.2887193546,3951570.540456482
450479.3196977921,3951570.688169426
450479.3371455834,3951571.113243501
450479.398380885,3951571.279273429
450479.444642377,3951571.463872572
450479.4906977052,3951571.611501441
450479.5517268366,3951571.740561096
450479.5829114366,3951571.925244315
450479.6290698399,3951572.09135832
450479.6596359464,3951572.165130717
450479.7213866435,3951572.423586334
450479.7519527459,3951572.49735873
450479.7537051335,3951572.811606061
450479.7997604523,3951572.959234931
450479.8304296316,3951573.051492464
450479.8770003502,3951573.291547021
450479.9230556647,3951573.439175891
450479.9692140518,3951573.605289899
450480.0002955541,3951573.771487983
450480.0312739787,3951573.91920093
450480.0925092468,3951574.085230862
450480.1235907475,3951574.251428947
450480.2893334026,3951574.232018985
450480.3505686684,3951574.398048921
450480.4117008516,3951574.545593719
450480.4578592267,3951574.71170773
450480.5189914037,3951574.85925253
439163.8139535644,655866177865.2932
450480.6413588365,3951575.172827266
450480.6719249245,3951575.246599666
450480.7486493734,3951575.48648608
450480.7947046627,3951575.634114954
450480.7353248452,3951575.800817485
450480.7813801332,3951575.94844636
450480.8274354129,3951576.096075235
450480.8885675794,3951576.243620038
441864.4027508135,-1926815.229004343
450480.9958580954,3951576.557278854
450481.0420164522,3951576.723392868
450481.103148604,3951576.870937672
450481.1493069596,3951577.037051686
450481.1954653066,3951577.203165701
450481.2718804965,3951577.387596707
450481.4094278246,3951577.719572519
450481.4554830875,3951577.867201397
441875.614852187,-1930501.40520242
450481.5475936112,3951578.162459157
450481.6088288255,3951578.328489101
450481.6398072044,3951578.476202054
450481.6859655399,3951578.642316071
450481.7622776279,3951578.808261944
450481.8084359572,3951578.974375963
450482.0511090696,3951579.231822731
450482.1122411928,3951579.379367542
441929.4735979832,-1948939.059858782
450482.2045578312,3951579.711595581
450482.2657930277,3951579.877625532
450482.3118482635,3951580.025254415
450482.3429297043,3951580.191452507
450482.3890880184,3951580.357566529
450482.4503232049,3951580.523596479
450482.4658123841,3951580.597452957
450482.8143327779,3951580.909766661
440961.7630154887,-1580208.9118947
450482.9215200975,3951581.204940364
450482.9677814687,3951581.389539525
450483.0139397677,3951581.555653551
450483.0599949852,3951581.703282437
450483.1061532786,3951581.869396461
450483.1217455251,3951581.961738079
450483.1984698534,3951582.201624514
450483.2291389743,3951582.29388206
450483.2315096928,3951582.719040219
450483.2776679735,3951582.885154246
450483.3238262595,3951583.051268271
450483.3699845391,3951583.217382299
450483.3854737064,3951583.291238779
450483.4620949448,3951583.512640078
450483.508253222,3951583.678754104
450483.5394377031,3951583.86343734
450483.4964747283,3951584.27036257
450483.5576067947,3951584.417907393
450483.6036619893,3951584.565536284
450483.6192542266,3951584.6578779
450483.6809016553,3951584.897848409
450483.6964938912,3951584.990190026
450483.758141318,3951585.230160537
450483.7893257869,3951585.414843773
450483.8505609144,3951585.580873733
450483.8510762821,3951585.67329942
450483.8838068522,3951586.135259717
450483.9143728728,3951586.20903213
450483.9912002256,3951586.467403708
450484.0223846835,3951586.652086947
450484.0685429329,3951586.818200978
450484.1147011851,3951586.984315009
450484.1457825659,3951587.150513109
450484.1763485856,3951587.224285521
450484.238099058,3951587.482741172
450484.1179995225,3951587.575839407
450484.1334886767,3951587.64969589
450484.1801622838,3951587.908235608
450484.2411912421,3951588.037295296
450484.2566803969,3951588.111151778
450484.303250921,3951588.351206359
450484.3643829495,3951588.498751187
450484.4104381087,3951588.646380082
450484.441107196,3951588.738637633
450484.5179345064,3951588.997009218
450484.4732192912,3951589.089687111
450484.4746623043,3951589.348479035
450484.5357943166,3951589.496023864
450484.5819525472,3951589.662137898
450484.6281107716,3951589.828251931
450484.6586767785,3951589.902024346
450484.7504778614,3951590.141826729
450484.8117129378,3951590.307856697
450484.8272020843,3951590.381713179
450484.9040293747,3951590.640084768
450484.7689560931,3951590.751752201
450484.9213738044,3951591.046673727
450484.9519398027,3951591.120446142
450484.9826088718,3951591.212703696
450485.0750283626,3951591.563416908
450485.1211865708,3951591.729530945
450485.1517525629,3951591.803303362
450485.167344773,3951591.895644983
450485.2444812562,3951592.209471987
450485.6827407387,3951592.391885439
450484.9599793759,3951592.562286874
450485.0060345102,3951592.709915773
450485.0371158567,3951592.876113876
450485.0832740594,3951593.042227914
450485.1294322605,3951593.208341951
450485.1907703787,3951593.392857059
450485.2370316493,3951593.577456235
450485.2680099201,3951593.725169203
450475.4387271015,3951593.927867223
450485.3903769388,3951594.03874401
450485.40627835,3951594.186541044
450485.4674103221,3951594.33408588
450485.4984916571,3951594.500283985
450485.5294699207,3951594.647996955
450485.5906018853,3951594.795541791
450485.6366569983,3951594.943170693
450485.697995097,3951595.127685806
450524.7479620914,3951595.076407018
450485.7748223217,3951595.386057403
450485.8516495443,3951595.644429001
450485.9883718768,3951595.828523787
450486.0345300476,3951595.99463783
450486.0656113668,3951596.160835939
450486.1116664676,3951596.308464843
450486.1578246269,3951596.474578885
450486.2039827913,3951596.64069293
450486.2652178007,3951596.806722909
450486.2807069226,3951596.880579395
450486.3575341185,3951597.138950998
450486.4036922737,3951597.305065042
450486.3297510087,3951597.564277295
450486.3759091625,3951597.730391339
450486.4218611773,3951597.859535108
450486.4679162617,3951598.007164015
450486.5141774768,3951598.191763199
450486.5602325604,3951598.339392106
206280786.1304933,126312838.6459694
450486.652445782,3951598.653135062
450486.6987069948,3951598.837734246
450486.7448651379,3951599.003848291
450486.6097919584,3951599.115515699
450486.6558470313,3951599.263144608
450486.702005173,3951599.429258653
450486.7482663812,3951599.613857839
450486.7943214493,3951599.761486747
450486.8404795838,3951599.927600794
450486.8866377213,3951600.093714843
450486.9326927825,3951600.241343753
450486.9788509121,3951600.407457801
450487.0250090424,3951600.57357185
450487.2233785117,3951600.99763719
450487.2695366276,3951601.16375124
450487.3007209769,3951601.348434492
450487.3468790966,3951601.514548542
450487.3779603742,3951601.680746656
450487.4241184884,3951601.846860706
450487.4701735392,3951601.994489619
450487.516331648,3951602.16060367
450487.5624897598,3951602.326717722
450487.6086478676,3951602.492831774
450487.6264044297,3951602.973361295
450487.6725625332,3951603.139475347
450487.718720635,3951603.305589399
450487.7647756691,3951603.453218314
450487.8259075391,3951603.600763167
450487.8720656381,3951603.76687722
450487.9182237331,3951603.932991273
450487.9492019269,3951604.080704251
450487.9802831853,3951604.246902369
450487.9957722859,3951604.320758857
450487.7398783688,3951604.396128471
450487.7860364657,3951604.562242524
450487.8320914926,3951604.709871439
450487.8780434546,3951604.839015217
450487.9243046102,3951605.023614409
450488.0165177191,3951605.337357378
450488.0475989747,3951605.503555495
450488.0936539951,3951605.651184412
450488.1398120769,3951605.817298467
450488.1270026856,3951606.224055564
450488.1730576966,3951606.37168448
450488.2193188387,3951606.556283675
450488.2654769162,3951606.72239773
450488.3575869366,3951607.017655567
450488.3881528493,3951607.091427995
450488.4348262448,3951607.349967741
450488.4809843145,3951607.5160818
450488.5421161436,3951607.663626657
450488.6202830262,3951608.162305075
450488.6664410863,3951608.328419134
450488.6970069969,3951608.402191563
450488.7898384326,3951608.826845371
450488.8208165965,3951608.974558352
450488.8369240642,3951609.159325673
450488.8681083542,3951609.344008931
450488.8841127519,3951609.510291112
450488.9001171537,3951609.676573293
450488.9773564253,3951610.008885474
450489.0084376484,3951610.175083595
450489.0856769074,3951610.507395776
450489.1166550657,3951610.655108758
450489.1476332162,3951610.802821742
450489.1787144313,3951610.969019864
450489.2096925844,3951611.116732848
450489.2405676709,3951611.245960694
450489.2715458198,3951611.393673677
450489.1066283486,3951611.560964584
450489.1381218205,3951611.801103259
450489.1846921045,3951612.041157872
450489.2157733173,3951612.207355995
450489.2161855705,3951612.281296546
450489.2627558546,3951612.521351159
450489.29383706,3951612.687549283
450489.3093261318,3951612.761405774
450489.3558964135,3951613.001460389
450489.4629800878,3951613.278149041
450489.5090350471,3951613.425777966
450489.540116245,3951613.591976089
450489.586274264,3951613.758090153
442533443.9542699,193787636.0129654
450489.6936671119,3951614.090234222
450489.7399281879,3951614.274833424
450489.7860861976,3951614.44094749
450489.8333778885,3951614.810398075
450489.8946127095,3951614.97642808
450489.9255908404,3951615.124141067
450489.9717488425,3951615.290255134
450490.017906843,3951615.456369199
450490.0333959045,3951615.530225694
450490.0950429657,3951615.770196254
450490.141304023,3951615.954795459
450490.2335169528,3951616.268538455
450490.1742403092,3951616.453726072
450490.2202952391,3951616.601355002
450490.2513764207,3951616.767553128
442533565.3564124,193785067.7814738
450490.3130234635,3951617.007523691
450490.3286155835,3951617.099865323
450490.3591814539,3951617.173637759
450490.4367297899,3951617.561405369
450490.4527341491,3951617.727687554
450490.4837122621,3951617.875400543
450490.4544861844,3951618.041934904
450490.5006441672,3951618.208048973
450490.546389901,3951618.30022249
450490.5928570582,3951618.521791974
450490.6390150315,3951618.687906045
450490.6850699474,3951618.835534975
450490.7312279176,3951619.001649046
450490.7773858837,3951619.167763118
450490.8079517437,3951619.241535555
450490.8695987602,3951619.481506121
450490.9153444837,3951619.57367964
450490.9658309625,3951620.516169519
450491.0228402758,3951619.924308864
450491.068895177,3951620.071937799
450491.115053134,3951620.238051872
450491.1456189853,3951620.311824311
450491.2224458514,3951620.57019596
450491.2687068624,3951620.754795172
450491.3148648147,3951620.920909246
450491.3610227653,3951621.08702332
450491.3347729087,3951613.674398846
450491.4233911635,3951621.456389859
450491.4696521707,3951621.640989072
450491.5158101104,3951621.807103148
450491.5768387415,3951621.936162889
450491.6079198767,3951622.102361022
450491.6540778115,3951622.268475097
450491.7002357494,3951622.434589172
450491.7615735441,3951622.619104331
450492.2516072611,3951702.400713963
450491.7934791445,3951622.93318357
450491.8396370741,3951623.099297647
450491.8857949999,3951623.265411724
450491.947029732,3951623.431441745
450491.9629309968,3951623.579238798
450491.9939090617,3951623.726951792
450492.0551437865,3951623.892981814
450492.1013017067,3951624.059095892
450491.6139052316,3951531.226569276
450492.208488229,3951624.354269718
450492.5686825202,3951624.05649018
450492.6149434843,3951624.241089399
450492.6304325105,3951624.314945898
450492.7070531903,3951624.536347286
450492.753211093,3951624.702461368
450492.7688031758,3951624.794803005
450492.8153733055,3951625.034857641
454948.332546743,655871192745.9318
450492.8769171701,3951625.256343083
450492.9233842409,3951625.477912581
450492.9546714518,3951625.681080996
450492.9705726966,3951625.828878049
450493.0015507376,3951625.976591046
450493.0475025208,3951626.105734853
450493.0784805598,3951626.253447853
450493.1094586,3951626.401160853
450493.140436637,3951626.548873852
450493.1559256551,3951626.622730352
450493.1864914686,3951626.696502798
450493.201980486,3951626.770359298
450493.2024957635,3951626.86278499
450493.2203550562,3951627.361799674
450493.2515391992,3951627.546482951
450493.2822080666,3951627.638740536
450493.3438549626,3951627.878711121
450493.3744207681,3951627.952483569
440973.8941378089,-1580161.969261396
450493.4519688952,3951628.340251209
450493.4830499754,3951628.506449349
450493.5292078466,3951628.672563436
450493.7855133211,3951628.671134533
450493.8316711858,3951628.837248619
450493.8778290467,3951629.003362709
450493.9239869128,3951629.169476797
450493.9394759203,3951629.243333298
450493.9701447727,3951629.335590885
450494.0473836991,3951629.667903115
450494.0934385005,3951629.815532066
450494.1090305592,3951629.907873707
450494.1857542082,3951630.147760246
450494.2615503726,3951630.221280539
450494.3684275909,3951630.460998976
450494.3996117028,3951630.645682258
450494.4456664958,3951630.793311211
450494.5069011264,3951630.959341251
450494.5529559162,3951631.106970205
450494.5991137527,3951631.273084296
450494.6451685394,3951631.420713251
450494.7063001142,3951631.568258152
450494.7524579433,3951631.734372246
450494.6186218092,3951632.067861203
450494.6647796445,3951632.233975295
450494.7108344254,3951632.381604249
450494.7569922505,3951632.547718343
450494.7879702454,3951632.695431349
450494.8341280721,3951632.861545442
450494.8802858972,3951633.027659537
450494.8957748929,3951633.101516041
450494.9263406707,3951633.175288493
450494.941932718,3951633.267630135
450494.927371192,3951633.360139878
450494.9433754472,3951633.526422073
450494.9764144676,3951634.043837855
450495.0073924541,3951634.191550861
450495.0383704351,3951634.339263869
450495.0845282493,3951634.505377963
450495.1305830123,3951634.653006921
450495.1616640415,3951634.819205067
450495.2076157478,3951634.948348885
450495.2536705067,3951635.095977843
450495.1801415279,3951635.429130592
450495.2262993387,3951635.595244688
450495.2723540896,3951635.742873645
450495.3184088413,3951635.890502603
450495.3494898654,3951636.05670075
450495.4106213936,3951636.204245658
450495.4415993616,3951636.351958668
450495.4877571585,3951636.518072765
450495.5339149561,3951636.684186863
450495.5649959738,3951636.850385012
450495.5662325847,3951637.072206676
450495.5969013948,3951637.164464269
450495.6584451147,3951637.385949735
450495.7196796843,3951637.551979783
450495.765837468,3951637.718093883
450495.8118922041,3951637.865722843
450495.8579469366,3951638.013351803
450495.90410472,3951638.179465905
450495.9350826736,3951638.327178915
450495.9812404519,3951638.493293016
450495.9821679028,3951638.659659265
450496.0131458558,3951638.807372276
450496.0743804072,3951638.973402327
450496.1203320801,3951639.102546152
450496.1513100272,3951639.250259163
450496.1974677969,3951639.416373265
450496.2435225177,3951639.564002228
450496.289577237,3951639.71163119
450496.3357350042,3951639.877745294
450496.3517392195,3951640.044027495
450496.2926687223,3951640.266185354
450496.3538002073,3951640.41373027
450496.3998549184,3951640.561359235
450496.4459096325,3951640.708988198
450496.4615016502,3951640.801329845
450496.4920673874,3951640.875102302
450496.5692030817,3951641.188929419
450496.5846920484,3951641.262785926
450496.6463387638,3951641.502756537
450496.6774197457,3951641.66895469
450496.6638887053,3951641.946315822
450496.679480721,3951642.038657466
450496.7411274312,3951642.278628079
450496.7721053581,3951642.426341094
450496.8182631055,3951642.592455199
450496.8793945643,3951642.740000119
450496.9255523059,3951642.906114224
450496.9717100437,3951643.07222833
450497.017867782,3951643.238342437
450497.0334597898,3951643.330684083
450497.1558257433,3951643.644259064
450497.1868036613,3951643.791972079
450497.2022926186,3951643.865828587
450497.2639393031,3951644.105799204
450497.2794282594,3951644.179655712
450497.2949172155,3951644.25351222
450497.3720528522,3951644.567339347
450497.4181075286,3951644.714968316
450497.448776297,3951644.807225917
450497.5105260136,3951645.065681673
450497.8581159709,3951645.211629714
450497.9042736846,3951645.377743825
450497.9504313921,3951645.543857937
450497.9814092862,3951645.691570955
450498.0275669931,3951645.857685067
450498.0736216523,3951646.005314042
450498.1047025911,3951646.1715122
450498.1815290466,3951646.429883916
450498.2430726425,3951646.651369401
450498.3496404306,3951646.835632471
450498.3957981227,3951647.001746585
442534785.1697167,193759259.673498
450498.4881135043,3951647.333974815
450498.5190913885,3951647.481687834
450498.5804288792,3951647.666203045
450498.6265865631,3951647.83231716
450498.6571522663,3951647.906089626
450498.7036190795,3951648.127659159
450498.7342878236,3951648.219916764
450498.7951100844,3951648.31200628
450498.8407525364,3951648.385694702
450499.0239406175,3951648.791359226
450499.085071999,3951648.93890416
450499.1311266256,3951649.08653314
450499.1771812508,3951649.234162119
450499.2233389182,3951649.400276237
450499.2693935381,3951649.547905218
450499.3154481541,3951649.695534198
450499.3465290606,3951649.861732361
450499.7392460254,3951649.988943204
450499.7853006384,3951650.136572185
450499.8162784876,3951650.284285212
450499.8624361379,3951650.450399335
450499.9084907444,3951650.598028318
450499.9545453446,3951650.745657302
450499.9700342682,3951650.819513815
450500.0005999504,3951650.893286285
450500.0929152321,3951651.225514532
450500.1239961193,3951651.391712699
450499.9907783484,3951651.836112418
450500.0368329436,3951651.983741403
450500.0679138249,3951652.149939571
450500.0985825416,3951652.242197181
450500.1602290967,3951652.482167819
450500.1912069323,3951652.629880846
450500.2067988949,3951652.722222498
450500.2684454439,3951652.962193138
450500.2839343614,3951653.036049651
450500.3455809064,3951653.27602029
450500.3011749861,3951653.42415353
450500.3783104437,3951653.737980684
450500.4093913155,3951653.904178852
450500.4553428523,3951654.033322699
450500.5013974293,3951654.180951686
450500.5473489682,3951654.310095534
450500.6086863726,3951654.494610758
450500.6548439878,3951654.660724884
450500.7008985562,3951654.808353873
450500.6430645486,3951655.252333379
450500.6892221573,3951655.418447507
450500.7352767237,3951655.566076496
450500.7814343338,3951655.732190622
450500.8119999864,3951655.805963096
450500.8737495422,3951656.064418879
450500.9198041024,3951656.212047868
450500.9659617014,3951656.378161998
450501.0122223412,3951656.562761265
450501.0581738541,3951656.691905117
450501.1043314528,3951656.858019245
450501.1503860053,3951657.005648237
450501.1965435962,3951657.171762367
450501.2428042275,3951657.356361636
450501.2888587775,3951657.503990628
450501.3198365808,3951657.651703659
450501.381070908,3951657.81773375
450501.4272284952,3951657.983847882
450501.4583093319,3951658.150046054
450501.0370879085,3951658.318765447
450501.0680657113,3951658.466478479
450501.0835546134,3951658.540334996
450501.145098064,3951658.761820503
450501.1912556443,3951658.927934633
450501.2373101876,3951659.075563624
450501.2984414719,3951659.223108576
450501.3447020891,3951659.407707846
450501.4057303253,3951659.536767658
450501.4819383409,3951659.68422857
450501.9202972162,3951659.885127943
450501.9663517403,3951660.032756937
450502.0275860422,3951660.198787033
450502.073743599,3951660.364901168
450502.1199011611,3951660.531015303
450502.181547604,3951660.770985957
450502.2582707878,3951661.010872571
450502.3194020379,3951661.15841753
450502.3655595892,3951661.324531666
450501.7643448104,3951661.660625751
450501.810502372,3951661.826739885
450501.8567629615,3951662.011339158
450501.9029205197,3951662.177453292
450501.9947204323,3951662.417255867
450502.0564699096,3951662.675711659
450502.1177041903,3951662.841741755
450502.2100192758,3951663.173970027
450502.5277640985,3951663.375541743
450502.5432529855,3951663.449398262
450502.6048993984,3951663.689368919
450502.65105693,3951663.855483058
450502.6821377301,3951664.021681236
450502.7282952586,3951664.187795375
450502.759376054,3951664.353993552
450502.8055335817,3951664.520107692
450502.8667678364,3951664.686137795
450502.9128223263,3951664.833766794
450503.1546682375,3951664.943333026
450503.2008257505,3951665.109447167
450503.2620599962,3951665.275477272
450503.3082175078,3951665.441591414
450503.3238094185,3951665.533933073
450503.3543750201,3951665.607705556
450503.4466900373,3951665.939933842
450503.4927445069,3951666.087562846
450503.4931566485,3951666.161503404
450503.5086455185,3951666.235359925
450503.6165524274,3951666.659929872
450503.6474271328,3951666.789157775
450503.6935846276,3951666.955271919
450503.7245623614,3951667.102984961
450503.7855905147,3951667.232044791
450503.8165682461,3951667.379757833
450503.8317480071,3951667.398158936
450503.8632409106,3951667.638297675
450503.9092953696,3951667.785926681
450503.9552467857,3951667.915070549
450503.9126955118,3951668.395936284
450503.9585438903,3951668.506595012
450504.004289238,3951668.5987686
450504.0196750677,3951668.654139981
450504.0356791012,3951668.820422201
450504.0513740288,3951668.931249003
450504.0666568211,3951668.968135246
450504.0975315105,3951669.097363149
450504.1130203707,3951669.171219672
214288997.5739832,128971204.182057
450504.2646118791,3951669.318260427
450504.2798946699,3951669.35514667
450504.2799977038,3951669.373631811
450504.295177456,3951669.392032914
450504.295177456,3951669.392032914
450504.2952804898,3951669.410518053
450504.2952804898,3951669.410518053
450504.2952804898,3951669.410518053
450504.2952804898,3951669.410518053
450504.2952804898,3951669.410518053
450504.2952804898,3951669.410518053
450504.2952804898,3951669.410518053
450504.2952804898,3951669.410518053
450504.2952804898,3951669.410518053
450504.2952804898,3951669.410518053
450504.5355807644,3951669.242807229
450504.5355807644,3951669.242807229
450504.5355807644,3951669.242807229
450504.5355807644,3951669.242807229
450504.5355807644,3951669.242807229
450504.5355807644,3951669.242807229
450504.5355807644,3951669.242807229
450504.5355807644,3951669.242807229
450504.5355807644,3951669.242807229
450504.5355807644,3951669.242807229
450504.6255259372,3951669.14987732
450504.6255259372,3951669.14987732
450504.6255259372,3951669.14987732
450504.6255259372,3951669.14987732
450504.6255259372,3951669.14987732
450504.6255259372,3951669.14987732
450504.6255259372,3951669.14987732
450504.6255259372,3951669.14987732
441954.9762987867,-1948849.480790197
450504.6255259372,3951669.14987732
450504.6262471694,3951669.279273297
450504.6262471694,3951669.279273297
450504.6262471694,3951669.279273297
450504.6262471694,3951669.279273297
450504.6262471694,3951669.279273297
450504.6262471694,3951669.279273297
214288954.5162092,128971167.1378969
450504.6262471694,3951669.279273297
450504.6262471694,3951669.279273297
450504.5518938873,3951669.464544868
440986.8293434915,-1580120.573315267
450504.5518938873,3951669.464544868
450504.5518938873,3951669.464544868
450504.5518938873,3951669.464544868
450504.5518938873,3951669.464544868
450504.5518938873,3951669.464544868
450504.5518938873,3951669.464544868
450504.5518938873,3951669.464544868
450504.5518938873,3951669.464544868
450504.4619487161,3951669.557474778
450504.4619487161,3951669.557474778
450504.4619487161,3951669.557474778
450504.4619487161,3951669.557474778
450504.4619487161,3951669.557474778
450504.4619487161,3951669.557474778
450504.4619487161,3951669.557474778
450504.4619487161,3951669.557474778
450504.4619487161,3951669.557474778
450504.4619487161,3951669.557474778
68577701.59799549,71164102.9557808
450504.3875954376,3951669.74274635
450504.3875954376,3951669.74274635
450504.3875954376,3951669.74274635
450504.3875954376,3951669.74274635
450504.3875954376,3951669.74274635
450504.3875954376,3951669.74274635
450504.3875954376,3951669.74274635
450504.3875954376,3951669.74274635
450504.3875954376,3951669.74274635
450504.3432925747,3951669.909364712
