450569.6144911703,3951735.280985026
450569.6144911703,3951735.280985026
450569.6144911703,3951735.280985026
450569.6144911703,3951735.280985026
450569.6144911703,3951735.280985026
442538349.0412459,193683823.2493408
450569.6144911703,3951735.280985026
450569.6144911703,3951735.280985026
450569.6144911703,3951735.280985026
450569.6143882702,3951735.262499887
450569.6143882702,3951735.262499887
450569.6143882702,3951735.262499887
450569.6143882702,3951735.262499887
450569.6143882702,3951735.262499887
450602.5718577497,3951735.07909865
450569.6143882702,3951735.262499887
450569.6143882702,3951735.262499887
450569.6143882702,3951735.262499887
450569.6143882702,3951735.262499887
450569.62936198,3951735.243930819
450569.62936198,3951735.243930819
450569.62936198,3951735.243930819
450569.62936198,3951735.243930819
450569.62936198,3951735.243930819
450569.62936198,3951735.243930819
450569.62936198,3951735.243930819
450569.62936198,3951735.243930819
450569.62936198,3951735.243930819
450569.6596180997,3951735.262248108
450569.6596180997,3951735.262248108
450569.6596180997,3951735.262248108
450569.6596180997,3951735.262248108
450569.6596180997,3951735.262248108
450569.6596180997,3951735.262248108
450569.6596180997,3951735.262248108
450569.6596180997,3951735.262248108
450569.6596180997,3951735.262248108
450569.7049508269,3951735.28048147
450569.7049508269,3951735.28048147
450569.7049508269,3951735.28048147
450569.8261811081,3951735.390720907
450569.7595021873,3951723.412349904
450569.8261811081,3951735.390720907
450569.8261811081,3951735.390720907
450569.8261811081,3951735.390720907
450569.8261811081,3951735.390720907
450569.8261811081,3951735.390720907
450569.8261811081,3951735.390720907
450569.8261811081,3951735.390720907
450569.8261811081,3951735.390720907
450569.8261811081,3951735.390720907
450569.947411384,3951735.500960345
450569.947411384,3951735.500960345
450569.947411384,3951735.500960345
450569.947411384,3951735.500960345
206935582.4130942,126479695.9673542
450569.947411384,3951735.500960345
450569.947411384,3951735.500960345
450569.947411384,3951735.500960345
450569.947411384,3951735.500960345
450570.0838211654,3951735.629601002
450570.0838211654,3951735.629601002
450570.0838211654,3951735.629601002
450570.0838211654,3951735.629601002
450570.0838211654,3951735.629601002
450570.0838211654,3951735.629601002
450570.0838211654,3951735.629601002
450570.0838211654,3951735.629601002
450570.0838211654,3951735.629601002
450570.0838211654,3951735.629601002
450570.1143859802,3951735.703373713
450570.1143859802,3951735.703373713
450570.0088497167,3951735.70396119
450570.1143859802,3951735.703373713
450570.1143859802,3951735.703373713
450570.1143859802,3951735.703373713
450570.1143859802,3951735.703373713
450570.1143859802,3951735.703373713
450570.1143859802,3951735.703373713
450570.1143859802,3951735.703373713
450570.2357191495,3951735.832098296
450570.2357191495,3951735.832098296
450570.2357191495,3951735.832098296
450570.2357191495,3951735.832098296
450570.2357191495,3951735.832098296
450570.2357191495,3951735.832098296
450570.2357191495,3951735.832098296
450570.2357191495,3951735.832098296
450570.3123369783,3951736.053500359
450570.3424901953,3951736.053332509
450570.357566806,3951736.053248585
450570.3877200253,3951736.053080735
450570.4027966315,3951736.05299681
450570.5685364289,3951736.033588499
450570.6288428674,3951736.033252801
450570.7644294463,3951736.014012343
450570.8397095959,3951735.995107581
450570.8545804094,3951735.958053376
450570.9450400611,3951735.957549833
442538375.8274708,193683256.0731995
450571.1107798635,3951735.938141532
450571.2012395155,3951735.937637991
450571.2765196667,3951735.918733234
450571.3818501345,3951735.88117549
450571.4872835041,3951735.862102888
450571.5325133282,3951735.861851119
450571.6531262007,3951735.861179737
450571.563283927,3951735.972594119
450571.6536406803,3951735.953605441
450571.7439974387,3951735.934616766
450571.8343541996,3951735.91562809
450572.0150677181,3951735.877650743
450572.1053215806,3951735.84017693
450572.1956783409,3951735.821188258
450629.2605402769,3951735.485242847
450572.3913655773,3951735.764641858
450572.1342400592,3951735.6181874
450572.1793669943,3951735.599450493
450572.329927302,3951735.561640997
450572.435360675,3951735.542568407
450572.5406911544,3951735.505010677
450572.6310479167,3951735.48602201
450572.6912514628,3951735.467201186
450572.8568883844,3951735.429307777
450572.9472451458,3951735.410319113
450573.0525756311,3951735.372761389
450572.9461133205,3951735.206982567
450573.0665204158,3951735.169340923
450573.15698008,3951735.168837402
450573.2623105667,3951735.131279682
450573.3676410543,3951735.093721962
450573.4730744348,3951735.074649384
450573.5333808775,3951735.074313706
450573.6990178074,3951735.036420313
450573.8043482956,3951734.998862598
450573.9999326712,3951734.923831091
450574.0451624998,3951734.923579336
450574.2107994392,3951734.885685954
450574.3162328216,3951734.866613385
450574.3613597649,3951734.84787649
450574.4215633189,3951734.829055679
450574.6323272012,3951734.772425408
450574.6925307539,3951734.753604598
450574.7528371986,3951734.753268928
450574.9636010847,3951734.696638666
450575.3555929743,3951734.694456833
450575.4610263612,3951734.67538428
450575.5664597508,3951734.656311727
450575.671790251,3951734.618754034
450575.7923002549,3951734.599597569
450575.8374272003,3951734.58086068
442538320.7667388,193684421.9355095
450576.1084975408,3951734.523894785
450576.3191585544,3951734.448779416
450576.4395656759,3951734.411137818
450576.6653033083,3951734.335938541
450576.7105331375,3951734.335686799
68576222.8719396,71154183.22578177
450576.966423997,3951734.260319703
450577.0718573945,3951734.241247167
450577.1922645242,3951734.203605581
450577.2976979205,3951734.184533048
450577.4032342011,3951734.183945658
450577.4935909912,3951734.16495704
450577.479440331,3951734.331407218
450577.5848737287,3951734.31233469
450577.6903071267,3951734.293262161
450577.7957405276,3951734.274189634
450577.9010710414,3951734.236631969
450578.0065044433,3951734.217559446
450578.1269115702,3951734.179917872
450578.232242091,3951734.14236021
450578.3526492199,3951734.104718639
450578.4429031285,3951734.067244891
450578.3973646503,3951734.012041201
450578.4122354962,3951733.97498701
450578.5475134792,3951733.900291249
450578.6528440028,3951733.862733593
450578.7733540205,3951733.843577168
450578.8184809757,3951733.824840295
450578.9840150741,3951733.768461862
450579.0894484814,3951733.749389351
450579.209855619,3951733.71174779
450579.3151861498,3951733.674190142
450579.3165235884,3951733.914496968
441075.4616049766,-1580055.698756843
450579.5422612522,3951733.839297766
450579.6476946598,3951733.820225261
450579.7682046799,3951733.80106885
450579.8284082542,3951733.782248073
450579.9939423525,3951733.725869659
450580.1143494964,3951733.688228111
450580.2347566435,3951733.650586565
450580.3552666671,3951733.631430161
450580.3554724225,3951733.668400442
450580.4758795686,3951733.630758899
450580.596389593,3951733.6116025
450580.6415165554,3951733.592865637
450580.8222301561,3951733.554888471
450580.9426373056,3951733.517246935
450581.0631473324,3951733.49809054
442538278.3546727,193685319.9652317
450581.2889878989,3951733.441376521
450581.3943184391,3951733.403818898
450581.6358528732,3951733.457931827
450581.7411834146,3951733.420374208
450581.8616934465,3951733.401217823
450581.9821006022,3951733.363576301
450582.0875340203,3951733.344503826
450582.2079411778,3951733.306862308
450582.2530681427,3951733.288125453
450582.4186022696,3951733.231747083
450582.5390094276,3951733.194105569
450583.0675138767,3951733.339050064
450583.1729472971,3951733.319977602
450583.2933544593,3951733.282336098
450583.4289411067,3951733.263095832
206276392.7308487,126258039.9007023
450583.639705078,3951733.206465778
450583.7450356328,3951733.168908183
450583.8504690565,3951733.149835729
450583.9106726389,3951733.13101498
450584.0763096487,3951733.093121782
450584.2577433602,3951733.184540669
450584.3781505286,3951733.146899179
450584.4384569812,3951733.146563575
450584.6190677371,3951733.090101345
450584.7243982927,3951733.052543762
450584.8448054669,3951733.014902278
450584.9653155081,3951732.995745937
450585.0707489386,3951732.976673497
450585.1911561108,3951732.93903202
450585.3115632886,3951732.901390543
450585.4319704628,3951732.863749069
450585.6729905566,3951732.825436404
450585.7935006019,3951732.806280074
450585.8988311655,3951732.768722504
450586.0192383484,3951732.731081037
450586.1396455278,3951732.693439573
450586.2601555781,3951732.674283249
450586.3654861453,3951732.636725684
450586.5009699435,3951732.599000327
450586.6365566123,3951732.57976011
450586.574810045,3951732.321303735
450586.6952172345,3951732.283662276
441987.2418420178,-1926658.827622331
450586.9360316164,3951732.208379366
450587.0414650578,3951732.189306951
450587.161872251,3951732.1516655
450587.2823823107,3951732.13250919
450587.387712893,3951732.094951637
450587.4931463344,3951732.075879227
450587.6135535331,3951732.038237782
450587.4315026542,3951731.835907985
450587.4766296396,3951731.817171159
450587.6572404389,3951731.760708991
450587.7023674251,3951731.741972165
450587.8528249983,3951731.685677791
450587.9732322016,3951731.648036352
450588.0785627901,3951731.610478807
450588.183996241,3951731.591406406
68575749.9311223,71154324.39708176
450588.2893268287,3951731.553848865
450588.7722928461,3951731.643589962
450588.8927000513,3951731.605948533
450589.0131072621,3951731.568307107
450589.1335144739,3951731.530665684
450589.193718078,3951731.511844973
450589.3592522801,3951731.455466732
450589.464685733,3951731.436394345
450589.5248893406,3951731.417573635
450589.6905264047,3951731.379680543
450589.7958570056,3951731.34212302
450589.7948284257,3951731.157271616
450589.9152356417,3951731.119630203
450590.020669102,3951731.100557823
450590.141076322,3951731.062916412
450590.2012799288,3951731.044095708
450659.6892005647,3951730.620743516
450590.5024008444,3951730.968477331
450590.6077314512,3951730.930919816
450590.7281386759,3951730.893278414
450590.8487516131,3951730.892607294
450590.8319264473,3951730.578443799
450590.9674102975,3951730.540718511
450591.0728437667,3951730.521646143
450591.1782772364,3951730.502573776
450591.2987873239,3951730.483417522
450591.4041179375,3951730.445860018
450591.5246280287,3951730.426703766
450591.6451381157,3951730.407547517
450591.7655453539,3951730.369906129
450591.8860554445,3951730.350749882
450591.9612328287,3951730.313360161
450592.0816400672,3951730.275718777
450592.1870735441,3951730.256646422
450592.2924041639,3951730.219088929
450592.412811405,3951730.18144755
450592.5182448813,3951730.162375199
441994.0979723081,-1926660.891668975
450592.6837791267,3951730.105997023
450592.7439827498,3951730.087176334
450592.9698234733,3951730.030462617
450592.9997710073,3951729.993324564
450593.0448980135,3951729.974587765
450593.1051016359,3951729.95576708
450592.8169937169,3951670.045178696
450593.5114503931,3951729.824106183
450593.6318576422,3951729.786464821
450593.7523677442,3951729.7673086
450593.8578012281,3951729.748236265
450593.9782084819,3951729.710594907
450594.0986157368,3951729.672953551
450594.2796380188,3951729.69043208
450594.385174353,3951729.689844892
450594.7166542766,3951729.651029173
450594.8371643827,3951729.631872965
450594.9726482657,3951729.594147737
450595.2134627852,3951729.518865055
450595.2736664151,3951729.500044384
450595.4693539325,3951729.443498496
206275229.9614661,126259118.8641305
450595.7403217035,3951729.36804806
450595.8607289701,3951729.330406728
450595.9811362377,3951729.292765398
450596.1015435063,3951729.255124067
450596.2220536204,3951729.235967882
450596.3425637351,3951729.216811695
450596.4629710061,3951729.179170372
450596.583481122,3951729.160014189
450596.7038883948,3951729.122372868
450596.8242956709,3951729.084731549
450596.8392694475,3951729.066162528
450596.8994730815,3951729.047341871
450597.0801868414,3951729.009365037
450597.1403904809,3951728.990544379
450597.2005941183,3951728.971723723
450597.4263320549,3951728.896524977
450597.5468421765,3951728.877368809
450597.6220195941,3951728.839979136
450597.8176043014,3951728.764948159
450597.9381144232,3951728.745791995
450598.0276485808,3951728.578922467
450598.1782091112,3951728.541113411
450598.2987192367,3951728.521957252
450598.4343059836,3951728.502717217
450598.5697898982,3951728.464992045
450598.6299935421,3951728.446171399
450598.7052738094,3951728.427266875
442001.5549257864,-1926662.603659671
450599.111725552,3951728.314091376
450599.2621832507,3951728.2577972
450599.1862859507,3951728.165790877
450599.3217698712,3951728.128065716
450599.4723304121,3951728.090256683
450599.6228909541,3951728.052447651
450599.7583748805,3951728.014722497
450599.893858801,3951727.976997345
450600.0293427227,3951727.939272196
450600.1648266501,3951727.901547047
450600.3004134147,3951727.882307041
450600.4358973417,3951727.844581897
450600.5254315554,3951727.677712396
450600.600711833,3951727.658807888
450600.8115788781,3951727.620663384
450600.9470628136,3951727.58293825
450601.0822382447,3951727.489757695
450601.2180306808,3951727.507487984
450601.3685912421,3951727.469678982
450601.5192546381,3951727.450355124
450601.6547385743,3951727.412629998
450601.790222514,3951727.374904876
450601.9109383323,3951727.392719046
450602.1671380913,3951727.372808102
450602.3025192018,3951727.316597845
450602.4530797683,3951727.278788863
450602.6035375072,3951727.222494743
450602.6637411677,3951727.203674123
450602.8746082318,3951727.165529668
450603.0252716357,3951727.146205835
450603.1907031689,3951727.071342715
450603.3261871245,3951727.033617616
450795.3574371761,3951726.022914142
450604.0048408382,3951727.066813831
450604.2156050829,3951727.010184268
450604.3510890389,3951726.972459184
450604.4865729962,3951726.934734103
450604.5467766624,3951726.915913496
450604.7576437407,3951726.877769087
450604.893127701,3951726.840044011
450605.013432215,3951726.783917664
450605.1339423777,3951726.764761598
450605.3752711854,3951726.781904891
450605.5107551542,3951726.744179825
450605.6461362924,3951726.687969622
450605.7966968853,3951726.650160696
450605.9321808555,3951726.612435637
450606.0827414463,3951726.574626716
450606.2181225928,3951726.51841652
450606.3685803699,3951726.462122465
450606.5191409671,3951726.424313551
450606.6394454944,3951726.368187226
450606.7447762214,3951726.330629905
450606.8952340048,3951726.274335858
450607.0307179806,3951726.236610816
450607.1812785844,3951726.198801913
450607.3167625648,3951726.161076875
450607.4220932969,3951726.123519563
450607.4973736039,3951726.104615114
450607.7080350697,3951726.029500495
450607.3320588714,3951631.329296666
450607.9791058655,3951725.972535578
450608.1140757519,3951725.842384852
450608.2495597439,3951725.804659829
450608.3850437322,3951725.766934806
450608.4452474166,3951725.748114228
450608.640935094,3951725.69156863
450608.7613424627,3951725.653927474
450608.8968264577,3951725.616202459
450608.9570301463,3951725.597381882
450609.0172338284,3951725.578561307
450609.2731251984,3951725.503195148
450609.5439903862,3951725.409259999
450609.6945510141,3951725.371451139
450609.7547547015,3951725.352630568
450609.9655190216,3951725.296001142
442537954.6715615,193692173.368464
450610.2214104073,3951725.220635011
450610.3568944149,3951725.18291002
450610.4773017996,3951725.145268887
450610.6127858117,3951725.107543899
450610.8083707,3951725.032513211
450610.9287780863,3951724.994872083
450611.0641592866,3951724.938661965
450611.1998489283,3951724.937907266
450611.3354357571,3951724.91866743
450611.3956394554,3951724.89984687
450611.5913271671,3951724.843301338
450611.7269140003,3951724.824061507
450611.8623980201,3951724.78633654
450611.9829082255,3951724.767180566
450612.0433175445,3951724.785330292
450610.9575947609,3951724.754397555
450612.2841323348,3951724.710048073
450612.4197191691,3951724.690808254
450612.5551003854,3951724.634598157
450612.6905844137,3951724.596873202
450612.7507881122,3951724.57805265
450612.9464758416,3951724.52150715
450613.0519094254,3951724.502435045
450613.1873934576,3951724.464710096
450613.156212107,3951724.2800264
450613.2767223243,3951724.260870447
450613.3520026541,3951724.241966048
450613.6680978056,3951724.147779472
450613.7885052154,3951724.110138384
450613.9239892543,3951724.072413447
450613.9841929612,3951724.053592905
450614.1648040814,3951723.997131282
450614.3002881235,3951723.959406352
450614.1936208497,3951723.756656764
450614.3291048933,3951723.718931833
450614.4496151158,3951723.699775896
450614.570125341,3951723.680619958
450614.6905327609,3951723.642978883
450614.8260168151,3951723.60525396
450614.9464242348,3951723.567612889
450615.051755031,3951723.530055668
450615.1872390839,3951723.49233075
450615.2467231642,3951723.344114239
450615.1865194499,3951723.362934773
450615.3220035058,3951723.325209858
450615.4423081292,3951723.269083653
450615.502511847,3951723.250263122
450615.6981996199,3951723.193717681
450615.8336836805,3951723.155992774
450615.9540911126,3951723.118351716
450616.0895751754,3951723.080626813
450616.2250592439,3951723.042901912
450616.2852629579,3951723.024081385
450616.4355152487,3951722.930817221
450616.6916123584,3951722.892421558
450616.8121226013,3951722.873265651
450616.9325300389,3951722.835624607
450617.0680141099,3951722.797899719
450617.1884215542,3951722.760258678
450617.2937523646,3951722.722701484
450617.3991859783,3951722.703629431
450617.5194906276,3951722.647503254
450617.6556942994,3951722.739174354
450617.7761017445,3951722.701533321
450617.8965091929,3951722.663892291
450618.0319932681,3951722.626167416
450618.1673745528,3951722.569957406
450618.2275782739,3951722.551136893
450618.4231632852,3951722.476106373
450618.5436735325,3951722.456950489
450618.6188510951,3951722.419560996
450618.8145389052,3951722.363015627
450618.9201781204,3951722.38091387
450619.1310453606,3951722.342769804
450619.2665294526,3951722.305044949
450619.4021163372,3951722.285805237
450619.5376004242,3951722.248080387
450619.6730845146,3951722.210355538
450619.8085686085,3951722.172630692
450619.9440527034,3951722.13490585
450620.0795367973,3951722.097181008
450620.1848676273,3951722.059623847
450620.3507105787,3951722.058701609
450620.4711180439,3951722.021060614
450620.6066021416,3951721.98333578
450620.6819853011,3951721.982916584
442037.8766158337,-1930356.617246374
450621.0131572363,3951721.888646431
450621.1486413359,3951721.850921606
450621.2841254411,3951721.813196783
450621.4197123395,3951721.793957102
450621.5551964443,3951721.756232282
450621.7362188172,3951721.77371137
450621.796422558,3951721.754890883
450622.007187036,3951721.698261744
450622.1426711448,3951721.660536935
450622.2781552547,3951721.622812126
450622.41374216,3951721.603572461
450622.5491234801,3951721.547362517
450622.6847103825,3951721.528122855
450622.8200917054,3951721.471912915
450622.9556786118,3951721.452673258
442537802.8679866,193695387.3895286
450623.2719795353,3951721.395457303
450623.3923870214,3951721.357816347
450623.5278711432,3951721.320091559
450623.6632524744,3951721.263881633
450623.7987365965,3951721.226156848
450623.9342207219,3951721.188432066
450624.0546282111,3951721.150791117
450624.1902151248,3951721.131551479
450624.3106226181,3951721.093910535
450624.5513348224,3951721.000143514
450624.6868189544,3951720.962418743
450624.8373797206,3951720.924610141
450624.9728638502,3951720.886885376
450625.108347988,3951720.84916061
450625.2438321199,3951720.811435848
450625.3191125029,3951720.792531551
450625.5149031748,3951720.754471468
450625.6504900974,3951720.735231853
450625.770897602,3951720.697590929
450625.8765368216,3951720.715489255
450626.1176601801,3951720.695662835
450626.2380676871,3951720.658021918
450626.3736546102,3951720.638782312
450626.509138755,3951720.601057569
450626.6295462672,3951720.563416656
450626.7650304095,3951720.525691918
450626.8252341642,3951720.506871462
450627.1113818742,3951720.449823304
450627.2770192951,3951720.411930916
450627.3974268106,3951720.374290015
450627.4576305653,3951720.355469565
450627.5329109613,3951720.336565287
450627.773828776,3951720.279768633
450627.8942362953,3951720.242127739
450628.0297204476,3951720.204403017
450628.1501279736,3951720.166762127
450628.2706382735,3951720.147606378
450628.3910457966,3951720.10996549
450628.5415038129,3951720.053671812
450628.6769879707,3951720.015947102
450628.8125749129,3951719.996707534
450628.932982438,3951719.959066654
450629.0684666035,3951719.92134195
450633.442741935,3952495.761245924
450629.3243582982,3951719.845976374
450629.4297919698,3951719.826904464
450629.5050723695,3951719.808000203
450629.7007603075,3951719.751455072
450629.851423884,3951719.732131697
450629.9871136067,3951719.731377287
450630.1225977776,3951719.693652599
450630.1828015447,3951719.674832167
450630.3634128521,3951719.618370876
450630.4988970262,3951719.580646194
450630.6343812037,3951719.542921514
450630.7697626077,3951719.486711697
450630.9053495575,3951719.467472162
450631.0408337384,3951719.429747487
450631.2965199231,3951719.317411689
214279101.5372542,128947134.8768644
450631.552308878,3951719.223561037
450631.6877930652,3951719.185836373
450631.8232772512,3951719.148111712
450631.9587614406,3951719.110387052
450632.0942456289,3951719.072662395
450632.2448064545,3951719.034853921
450632.3802906498,3951718.997129268
450632.5157748414,3951718.959404617
450632.7270532892,3951718.995201433
450632.8625374846,3951718.957476787
450632.9981244464,3951718.938237284
450633.1335058741,3951718.882027502
450633.2840667071,3951718.844219045
450633.4196536716,3951718.824979549
450633.5551378701,3951718.787254914
450633.6754426691,3951718.731128958
450633.8261062728,3951718.71180565
450633.9765643435,3951718.655512066
450634.1427156538,3951718.710045503
450634.2781998546,3951718.67232088
442053.7604446645,-1930359.780267064
450634.5190149927,3951718.59703927
450634.5942954131,3951718.578135054
450634.7900861728,3951718.540075175
450634.9255703812,3951718.502350562
450635.0610545906,3951718.46462595
450635.1965388012,3951718.42690134
450635.3320230129,3951718.389176733
450635.4072006787,3951718.351787384
450635.6328364327,3951718.258104478
450635.7683206487,3951718.220379879
450635.8888309899,3951718.201224231
450636.0244179692,3951718.181984774
450636.0845189972,3951718.144679244
450636.2953864078,3951718.106535587
450636.4157939909,3951718.06889481
442537668.9197548,193698223.296446
450636.7168129569,3951717.974792869
450636.8971160554,3951717.862876293
450637.0176264036,3951717.843720661
450637.168187272,3951717.805912271
450637.2283910685,3951717.787091888
450637.4240790954,3951717.73054693
450637.5295128057,3951717.711475117
450637.6649970401,3951717.673750545
450637.8156606716,3951717.654427304
450637.9511449056,3951717.616702736
450638.0866291407,3951717.578978172
450638.2225244085,3951717.615194166
450638.3730852811,3951717.577385796
450638.493595636,3951717.558230186
450638.5537994368,3951717.539409811
450638.7344108361,3951717.48294869
450638.9151249951,3951717.444972713
450639.1257869239,3951717.369858845
450639.2461945285,3951717.332218105
450639.3816787731,3951717.29449356
450639.4872152488,3951717.29390691
450639.6226994952,3951717.256182368
450639.7431071056,3951717.218541636
450639.878591354,3951717.180817097
450640.0140756036,3951717.143092562
450640.1345859699,3951717.123936974
450640.2700702191,3951717.086212442
450640.4055544762,3951717.048487912
450640.5411414795,3951717.029248524
450640.6765229825,3951716.97303886
450640.7967250961,3951716.898427861
450640.9322093559,3951716.860703341
450641.0676936146,3951716.82297882
450641.2031778744,3951716.785254304
450641.3386621354,3951716.747529788
450641.4741463996,3951716.709805275
442062.2430264274,-1930361.673703229
450641.760088818,3951716.615787313
450641.8955730838,3951716.578062807
450642.0461339931,3951716.540254499
450642.195975665,3951716.373050218
450642.3464338311,3951716.316756777
450642.466944211,3951716.29760122
450646.7368150959,3952460.009867591
450642.7529893975,3951716.222068429
450642.9035503187,3951716.184260136
450643.0391373423,3951716.165020788
450643.2046721535,3951716.108643559
450643.3552330761,3951716.070835274
450643.4154368968,3951716.052014933
450643.641278284,3951715.995302511
450643.7165587424,3951715.976398373
450643.9422973863,3951715.90120082
450644.0928583154,3951715.863392549
450644.1531648834,3951715.863057352
450644.4994139246,3951715.76870428
450644.5747971346,3951715.768285287
450644.6500776015,3951715.749381157
214277783.4597235,128948133.8984664
450645.1167343038,3951715.617387445
450645.2522185982,3951715.579662991
450645.3878056356,3951715.560423679
450645.523289932,3951715.522699227
450645.6587742319,3951715.484974776
450645.7791818862,3951715.447334127
450645.9298455733,3951715.428011026
450646.0652271337,3951715.371801444
450646.2008141757,3951715.352562143
450646.3362984809,3951715.314837703
450646.4561924428,3951715.184771366
450646.5163962758,3951715.165951046
450646.7120844166,3951715.109406292
450646.8476714616,3951715.090167003
450646.9078752983,3951715.071346685
450647.1186400864,3951715.014718148
450647.2541243981,3951714.976993723
450647.389608711,3951714.939269301
450647.5251957622,3951714.92003002
450647.6455006994,3951714.863904257
450647.7056017977,3951714.826598804
450647.9161611258,3951714.733000007
450648.0365687995,3951714.695359387
450648.1720531175,3951714.657634978
450648.3075374435,3951714.619910569
450648.4129712168,3951714.600838887
450648.5484555378,3951714.563114483
442070.4783683079,-1930363.752240989
450648.6838371273,3951714.506904942
450648.9397291362,3951714.431539933
450648.9844453988,3951714.338862865
450649.1049558184,3951714.319707398
450649.2403374174,3951714.263497865
450649.3758217468,3951714.225773474
450649.4962294402,3951714.188132874
450649.6467904161,3951714.150324697
450649.7822747512,3951714.112600311
450649.9327330042,3951714.056306998
450650.0531406951,3951714.018666407
450650.1735483917,3951713.981025817
450650.3689283845,3951713.869025728
450650.4893360821,3951713.831385142
450650.6248204255,3951713.79366077
450650.6851270093,3951713.793325617
450650.8604993131,3951712.79412265
450651.0014283624,3951713.736110658
450651.1370154413,3951713.716871431
450651.287473707,3951713.660578143
450651.4229580562,3951713.622853782
450651.5585451376,3951713.603614563
450651.6942349435,3951713.602860485
450651.8297192952,3951713.565136131
450651.965203648,3951713.527411779
450652.1007907343,3951713.508172569
450652.1759685032,3951713.470783363
450652.3716567178,3951713.414238736
450652.4318605725,3951713.395418457
450652.6276515147,3951713.357358976
450652.7630331499,3951713.301149496
450652.8383136517,3951713.282245434
450653.0646687898,3951713.31795895
450653.2002558813,3951713.298719756
450653.3356375187,3951713.242510286
450653.4863012529,3951713.223187313
450653.62178562,3951713.185462987
450653.6970661245,3951713.166558933
450653.8927543528,3951713.110014339
450654.0282387208,3951713.072290019
450654.1637230924,3951713.034565701
450654.4946902507,3951712.903326527
450654.6150979803,3951712.865685998
450654.750582355,3951712.827961688
450654.8709900821,3951712.790321162
450655.0215511101,3951712.752513077
450655.1570354882,3951712.714788774
450655.2925198673,3951712.677064473
450655.4280042499,3951712.639340174
450655.5634886337,3951712.601615877
450655.6838963671,3951712.563975362
450655.8351764368,3951712.655563264
450655.9706608196,3951712.617838973
450656.1061452058,3951712.580114685
450656.2417323099,3951712.560875537
450656.3771139771,3951712.504666114
450656.5124956459,3951712.448456693
450656.6780306106,3951712.392079717
450656.8134122852,3951712.335870302
450660.8738607722,3952421.296111145
450657.0694071396,3951712.27899067
450657.3421221146,3951712.517789491
450657.4475559306,3951712.498717917
450657.5679636731,3951712.461077427
450657.7183192808,3951712.386299108
450657.8538036776,3951712.348574847
450657.9743141438,3951712.329419503
450658.1097985401,3951712.291695245
450658.2302062904,3951712.254054763
450658.3657934012,3951712.23481565
450658.4862011533,3951712.197175174
450658.8621929245,3951712.02871456
450658.9976773289,3951711.990990318
450659.1331617347,3951711.953266074
450659.2687488588,3951711.934026974
450659.4042332664,3951711.896302737
450659.5397176751,3951711.858578501
450659.6602281488,3951711.839423178
450659.7957125618,3951711.801698946
450659.9311969736,3951711.763974718
450660.0814498992,3951711.670711301
450660.2018576658,3951711.633070847
450660.3374447969,3951711.613831762
450660.4730319216,3951711.594592681
450660.5483124533,3951711.575688684
450660.7440007603,3951711.519144244
450660.8795878919,3951711.499905167
450660.9999956639,3951711.462264725
450661.1354800857,3951711.424540514
450661.2560932771,3951711.423870353
450661.3152700812,3951711.220198744
450662.5964771514,3951711.157622975
450661.5560856353,3951711.144917873
450661.6764934174,3951711.10727744
450661.7969011958,3951711.069637009
450661.9324883362,3951711.050397948
450662.0528961187,3951711.012757521
450662.1583299572,3951710.993686
450662.2938143954,3951710.955961809
450662.4143248868,3951710.936806524
450662.4745287785,3951710.917986312
450662.5197587292,3951710.917735009
450662.7606770091,3951710.860939309
450663.0317485911,3951710.803976082
450663.1520536791,3951710.74785053
450663.2875381204,3951710.710126352
450663.4079459131,3951710.672485942
450663.5284564105,3951710.653330673
450663.663940857,3951710.615606501
450663.7844513534,3951710.596451235
450663.9199358042,3951710.558727066
450663.9801396992,3951710.539906867
450664.1758280498,3951710.483362501
450664.3263891472,3951710.445554574
450664.4468996495,3951710.426399319
450664.5974607536,3951710.388591394
450664.7178685559,3951710.350951003
450664.8383790602,3951710.331795752
450664.9729392077,3951710.127705349
450665.01899077,3951710.27533517
450665.0792973697,3951710.275000115
450665.3201129846,3951710.199719347
450665.470674096,3951710.161911439
450665.6061585533,3951710.124187296
450665.7266690625,3951710.105032058
450665.8621535262,3951710.06730792
450665.9975352925,3951710.011098644
450666.1180458039,3951709.991943411
450666.2536329646,3951709.972704416
450666.5695237626,3951709.841549458
450666.8405954008,3951709.784586347
450666.9760798716,3951709.746862226
450667.1116670377,3951709.727623246
450667.2471515105,3951709.689899129
450667.3826359867,3951709.652175014
450667.5182231596,3951709.632936039
450667.6537076355,3951709.595211927
450667.7742181536,3951709.576056717
450667.9111403587,3951709.797124553
450668.0466248359,3951709.759400448
450668.182109312,3951709.721676345
450668.2423132236,3951709.702856173
450668.4531809611,3951709.664713284
450668.5886654425,3951709.626989188
450668.7091759619,3951709.607833989
450668.844660443,3951709.570109897
450668.9802476199,3951709.550870944
450669.1006554489,3951709.513230613
450669.2520381241,3951709.62330388
450669.3876252987,3951709.604064934
450669.5080331309,3951709.566424609
450669.6285436552,3951709.547269422
450669.7640281409,3951709.509545343
450669.8996153204,3951709.490306405
450669.9748958889,3951709.47140249
450670.1705842945,3951709.414858259
450670.2308909066,3951709.41452324
450670.4265793174,3951709.357979012
450670.5773458394,3951709.357141469
450670.7129330205,3951709.337902545
450670.8333408617,3951709.300262237
450670.8935447815,3951709.281442082
442149.8299978184,-1948808.019497553
450671.2397943502,3951709.187090062
450671.3151776138,3951709.186671298
450671.5109687232,3951709.148612233
450671.5711726454,3951709.129792084
450671.7819377229,3951709.073164137
450671.8723976398,3951709.072661624
450671.9477809065,3951709.072242865
450672.233929248,3951709.015196167
450672.3695164376,3951708.995957268
450672.4899242924,3951708.958316982
450672.6254087985,3951708.920592948
450672.7608933081,3951708.882868915
450672.8964804984,3951708.863630022
450673.0318623284,3951708.807420855
450673.1824234896,3951708.769613079
450673.2584228596,3951708.880105163
450673.4547273943,3951708.934471836
450673.6052885597,3951708.896664067
450673.7408757537,3951708.877425189
450673.8763602684,3951708.839701173
450674.0118447843,3951708.801977159
450674.0871253667,3951708.78307328
450674.1473292966,3951708.764253148
450674.4184010102,3951708.70729027
450674.5689621856,3951708.669482516
450674.6755255624,3951708.853747673
450674.7960361086,3951708.834592558
450675.0818764355,3951708.722090538
450675.2173609603,3951708.684366542
450675.3528454816,3951708.646642549
450675.4883300017,3951708.608918558
450675.5636105933,3951708.59001469
450675.7743757053,3951708.533386838
450675.9098602335,3951708.495662853
450676.1209333823,3951708.494490424
450676.2714945659,3951708.456682699
450676.4220557506,3951708.418874979
450676.572616932,3951708.38106726
450676.7081014633,3951708.343343289
450676.8586626517,3951708.305535575
450676.9940445119,3951708.249326468
450677.129529047,3951708.211602502
450677.4004981227,3951708.136154578
450677.7315684708,3951708.023401415
450677.8821296665,3951707.985593718
450678.0475621729,3951707.910732007
450678.1980206962,3951707.854439177
450678.3334025716,3951707.798230091
450678.4990404302,3951707.760338665
450678.6496016334,3951707.722530982
450678.8001628401,3951707.684723301
450678.9355447194,3951707.628514224
450679.010825324,3951707.609610386
450679.3874336883,3951707.552061482
450679.5379949008,3951707.514253815
450679.6734794573,3951707.476529888
450679.8240406699,3951707.438722225
450679.9746018839,3951707.400914564
527993.6148403221,655879555050.1523
450680.2454683384,3951707.306981588
450680.3960295585,3951707.269173934
450680.531411454,3951707.212964882
450680.6668960191,3951707.175240972
450680.8171492354,3951707.08197791
450680.967710464,3951707.044170266
450681.1181690221,3951706.987877486
450681.253653593,3951706.950153584
450681.3890355009,3951706.893944547
450681.5394940664,3951706.837651774
450681.6599019853,3951706.800011612
450681.7953865589,3951706.762287718
450681.915794482,3951706.724647561
450681.9910750979,3951706.70574375
450682.1867636394,3951706.649199783
144414361.5352734,104001861.0302527
450682.4577328036,3951706.573752014
450682.5931147244,3951706.517542993
450682.7135226495,3951706.479902848
450682.8491099004,3951706.460664108
450682.9844918232,3951706.404455095
450683.2554609989,3951706.329007349
450683.3909455885,3951706.29128348
450683.4508415721,3951706.217007996
450683.5109428739,3951706.17970279
450683.7818094016,3951706.085769922
450683.9172939993,3951706.048046061
450684.0527785958,3951706.010322201
450684.2033398531,3951705.972514613
450684.3388244497,3951705.934790758
450684.474309052,3951705.897066906
450684.6249729727,3951705.877744462
450684.7755342323,3951705.839936886
450684.8809681791,3951705.820865637
450684.9562488111,3951705.80196185
450685.0315294408,3951705.783058063
450685.106810071,3951705.764154276
450685.4680339172,3951705.651233947
450685.6185951887,3951705.613426383
450685.7539771413,3951705.55721741
450685.904641068,3951705.53789499
450685.9798190473,3951705.500506073
442167.5573072439,-1948811.656313995
450686.4164262071,3951705.387167143
450686.5669874845,3951705.349359595
450686.7175487631,3951705.31155205
450686.792829403,3951705.292648277
450687.0185686672,3951705.217451827
450687.1692326021,3951705.198129428
450687.3198965375,3951705.178807032
450687.4704578243,3951705.140999499
450687.6059424467,3951705.103275694
450687.7566063846,3951705.083953304
450687.8171183285,3951705.120588683
450688.0282942096,3951705.137901676
450688.1637788365,3951705.10017788
450688.3144427778,3951705.080855499
450688.4499274091,3951705.043131708
450688.5854120345,3951705.00540792
450688.7209993191,3951704.98616927
450688.841509943,3951704.967014345
450688.91679059,3951704.948110592
450689.1275558711,3951704.891483057
450689.2779118656,3951704.816705279
450689.4133965047,3951704.778981503
450689.4736004927,3951704.760161476
450689.6693917738,3951704.722102814
450689.8199530708,3951704.684295323
450689.9554377142,3951704.646571554
450690.091025007,3951704.627332926
450690.2265096477,3951704.589609161
450690.5275296116,3951704.49550906
450690.6781935677,3951704.476186719
450690.8136782176,3951704.438462964
206924100.7026558,126487845.1253115
450690.94906022,3951704.382254072
450691.2200295215,3951704.306806572
450691.3706934821,3951704.287484245
450691.5061781331,3951704.2497605
450691.6416627876,3951704.212036756
450691.7170460938,3951704.211618165
450691.9429907142,3951704.173392118
450692.0470903202,3951703.914014157
450692.1825749821,3951703.876290421
450692.3331363081,3951703.838482973
450692.4836976332,3951703.800675526
450692.6190796532,3951703.744466661
450692.7696409856,3951703.706659219
450692.9051256535,3951703.668935494
450693.0706610006,3951703.612559204
450693.2061456757,3951703.574835485
450693.3567070087,3951703.537028053
450693.5828569348,3951703.535772325
450693.7183416061,3951703.498048614
450693.7936222777,3951703.479144902
450693.8689029472,3951703.460241191
450693.9291069508,3951703.441421195
450694.3055103044,3951703.34690265
450694.4410976231,3951703.327664088
450694.5765823034,3951703.289940392
450694.7270410106,3951703.233647844
450694.8625256934,3951703.195924151
524511.521801975,655879150166.9252
450695.2996462627,3951703.175011352
450695.4502076109,3951703.137203955
450695.6007689626,3951703.099396562
450695.7362536534,3951703.061672882
450695.886815003,3951703.023865492
450696.0072230338,3951702.986225528
450696.1427077256,3951702.948501854
450696.2931664457,3951702.892209334
450696.3684471252,3951702.873305645
450696.7752091212,3951702.815590061
450696.9106938164,3951702.777866399
450697.2117139093,3951702.683766526
450697.2870972234,3951702.683347982
450697.3473012438,3951702.664528009
450697.4225819296,3951702.645624327
450697.7841139487,3951702.588159917
450697.9346753144,3951702.550352564
450698.0852366884,3951702.512545211
450698.2059526243,3951702.530360692
450698.3565139951,3951702.492553346
450698.4919987062,3951702.454829708
450698.6425600817,3951702.417022366
450698.7780447906,3951702.379298733
450698.9136321326,3951702.36006024
206923326.0190687,126488394.9932968
450699.199678228,3951702.284529279
450699.3351629411,3951702.246805655
450699.4555709963,3951702.209165737
450699.5759790502,3951702.171525821
450699.6662337755,3951702.134053316
450699.9974072458,3951702.039786128
450703.253761464,3951701.984736364
450700.192993374,3951701.964757423
450700.2682740691,3951701.945853767
450700.3436573914,3951701.94543525
450700.7048815778,3951701.832515542
450700.855442968,3951701.794708239
450701.0060043665,3951701.756900939
450701.1566683867,3951701.737578777
450701.2921531183,3951701.699855182
450701.4427145178,3951701.662047887
450701.5932759163,3951701.624240597
450701.6534799525,3951701.605420654
450701.9396287108,3951701.548374919
450702.1503941535,3951701.491747695
450702.3009555599,3951701.453940417
450702.4515169654,3951701.41613314
450702.5862833519,3951701.249013597
450702.7218707186,3951701.229775163
450702.8723295102,3951701.173482755
450702.9325335498,3951701.15466282
450703.0078142597,3951701.135759187
450703.2938604227,3951701.060228358
450703.3691411318,3951701.041324729
450703.5949832584,3951700.984613841
450703.7455446792,3951700.946806586
450703.8810294311,3951700.909083031
450704.0013349013,3951700.852958039
450704.2273297185,3951717.11912658
450704.257227752,3951700.777594635
450704.3927125107,3951700.739871088
450704.5281972705,3951700.702147544
450704.6033753648,3951700.664758786
450704.9495229932,3951700.55192295
450705.0850077558,3951700.514199414
450705.2204925243,3951700.47647588
450705.4919751404,3951700.493454508
450705.6123832419,3951700.455814674
450705.7628420643,3951700.399522317
450706.0639649399,3951700.323907884
450706.1241689963,3951700.30508797
450706.3500111559,3951700.248377155
206922612.7136204,126488972.8766006
450706.636057379,3951700.172846435
450706.7564654896,3951700.135206615
450706.9374881062,3951700.152687445
450707.0879469417,3951700.096395108
450707.2235343371,3951700.077156744
450707.2989176722,3951700.076738286
450707.4946065151,3951700.02019488
450707.6300912984,3951699.982471385
450707.7655760805,3951699.944747888
450707.9161375334,3951699.906940706
450707.9914182638,3951699.888037114
450708.1870045021,3951699.813008588
450708.3373607386,3951699.738231136
450708.4728455319,3951699.700507651
450708.6083303217,3951699.662784169
450708.6836110532,3951699.643880583
450708.8189932402,3951699.587671967
450709.0449380453,3951699.549446357
450709.19549951,3951699.511639196
450709.3309843056,3951699.473915725
450709.466469107,3951699.436192256
450709.6170305776,3951699.398385102
450709.7974375646,3951699.30495516
450709.9329223681,3951699.267231699
450710.0834838388,3951699.229424551
450710.218968647,3951699.191701095
450710.294249388,3951699.172797523
450710.5050149328,3951699.116170499
450710.6555764131,3951699.078363362
450710.7911638261,3951699.059125053
450710.9266486397,3951699.021401606
450711.0772101232,3951698.983594476
450711.2580275475,3951698.964105117
450711.4085890333,3951698.926297993
450711.5441764524,3951698.907059695
450711.6947379381,3951698.869252575
450711.8451968244,3951698.812960321
450711.9204775674,3951698.794056763
450711.9957583128,3951698.775153206
450712.4322635169,3951698.643330425
450712.5828250105,3951698.605523322
450712.7480527735,3951698.493691985
450712.8683583309,3951698.437567113
442536897.1578767,193714561.3804377
450713.1545072625,3951698.380521742
450713.2899920936,3951698.342798333
450713.4253743286,3951698.286589785
450713.5760384338,3951698.267267837
450713.6964465982,3951698.229628114
450713.8470081016,3951698.191821032
450713.9975696109,3951698.154013951
450714.0426970255,3951698.135277773
450714.2382833495,3951698.06024938
450714.3135641036,3951698.041345844
450714.5244323013,3951698.003204055
450714.8255553283,3951697.927589919
450714.9761168483,3951697.889782857
450715.1265757666,3951697.833490659
450703.3817463681,3951697.880198703
450715.4276988065,3951697.757876545
450715.6986685072,3951697.682429796
450715.8341533614,3951697.644706425
450715.9847148879,3951697.60689938
450716.1503530822,3951697.56900866
450716.3159912848,3951697.531117944
450716.3911694543,3951697.493729287
450716.6320884207,3951697.436935056
450716.7976240328,3951697.38055921
450716.9482881599,3951697.361237319
450717.1138237731,3951697.304861479
450717.4005883135,3951697.358727074
450717.5511498488,3951697.320920054
450717.6264306181,3951697.302016546
450717.8672470069,3951697.226737212
450718.0178085486,3951697.188930202
450718.1081659872,3951697.169943023
450718.3340083054,3951697.113232514
450718.4844672597,3951697.056940373
450718.635131393,3951697.037618509
450718.7922585958,3951698.18286034
450719.0119456167,3951697.017041571
450719.177583834,3951696.979150907
450719.2529671968,3951696.978732551
450719.4788095221,3951696.92202207
450719.6444477501,3951696.884131416
450719.7950093001,3951696.846324434
450719.9305967672,3951696.827086265
450720.0660816492,3951696.789362958
450720.2166432072,3951696.751555985
450720.3521280938,3951696.713832683
450720.4727414763,3951696.713163328
450720.8643246328,3951696.637047385
450721.0148861942,3951696.599240426
450721.1653451758,3951696.54294833
450721.31590674,3951696.505141374
450721.4512890521,3951696.448932951
450721.601850619,3951696.411126001
450721.6771314041,3951696.392222528
450721.7524121873,3951696.373319054
450722.2037891581,3951696.204442814
450722.3542481536,3951696.148150737
450722.5197838246,3951696.091775
450722.655166148,3951696.035566595
450722.8057277268,3951695.997759666
450722.971263401,3951695.941383936
450723.1217224058,3951695.885091874
450723.2721814124,3951695.828799815
450723.4377170926,3951695.772424094
450723.5129978867,3951695.753520635
450723.7839677135,3951695.678074135
450723.9194526287,3951695.640350888
450724.0247841962,3951695.60279497
450724.2054991412,3951695.564820738
450724.3560607342,3951695.527013835
450724.5216990053,3951695.489123272
450724.6571839239,3951695.451400036
450724.7926688482,3951695.413676803
450724.9432304461,3951695.375869909
450725.0938946227,3951695.356548158
450725.2595328952,3951695.318657609
450725.3950178263,3951695.280934384
450725.530502754,3951695.243211162
450725.6960384588,3951695.186835483
450725.9820849979,3951695.11130539
450726.1326466058,3951695.073498518
450726.2832082171,3951695.035691646
450726.4337698273,3951694.997884778
450726.5090506341,3951694.978981347
450726.7798153655,3951694.866564662
450726.9153003073,3951694.828841463
450727.0658619236,3951694.791034605
450727.2013468654,3951694.753311408
450727.3518059161,3951694.697019418
450727.5023675364,3951694.659212567
450727.6529291556,3951694.621405721
450727.803490783,3951694.583598877
450727.9541549762,3951694.564277174
450728.089639925,3951694.52655399
442536740.8557348,193717869.9832572
450728.5263507034,3951694.431702281
450728.6618356566,3951694.393979107
450728.81229472,3951694.337687142
450728.9779330333,3951694.299796663
450729.0532138463,3951694.280893252
450729.2789537329,3951694.205697885
450729.4294128077,3951694.14940593
450729.5800770114,3951694.130084254
450729.7305360849,3951694.073792305
450729.9115587741,3951694.091273603
450730.0620178548,3951694.03498166
450730.3630385743,3951693.940882917
450730.4383194002,3951693.921979519
450730.6641618705,3951693.865269325
450730.7394426954,3951693.846365927
450730.9651826043,3951693.771170603
450731.1157442571,3951693.733363817
450731.2663059111,3951693.695557031
450731.3257921241,3951693.547341327
450731.4763537822,3951693.509534544
450731.6418895556,3951693.453158977
450731.7925537751,3951693.433837339
450731.9280387568,3951693.396114216
450732.0786004197,3951693.358307444
450732.153778689,3951693.320918922
450732.3797237471,3951693.28269391
450732.6808470795,3951693.207080385
450732.8009477129,3951693.11398551
450732.9514068231,3951693.057693616
450733.1019684959,3951693.019886861
450733.2375560449,3951693.000648895
450733.3881177175,3951692.962842146
450733.5385768386,3951692.906550263
450733.7043177499,3951692.887145009
450733.8547768719,3951692.830853132
450734.0204152287,3951692.792962746
450734.1709769103,3951692.755156011
450734.3220513723,3951692.809774966
450734.487587176,3951692.753399453
450734.6381488579,3951692.715592725
450734.7134297004,3951692.696689363
450734.7887105409,3951692.677786001
442161.7042267646,-1926697.052404626
450735.2554722815,3951692.564282196
450735.3908547389,3951692.508073988
450735.5414164262,3951692.470267275
450735.6919781194,3951692.432460566
450736.0086909482,3951692.449189199
450736.159252639,3951692.411382497
450736.3098143356,3951692.373575798
450736.4603760335,3951692.335769102
450736.6109377303,3951692.297962408
450736.6862185803,3951692.279059063
450736.8970870005,3951692.240917806
450737.0477512508,3951692.221596258
450737.183236272,3951692.183873215
450737.348772107,3951692.127497755
450737.6046654757,3951692.052135319
68569467.30361395,71156675.22915937
450737.9207630235,3951691.957953196
450738.0714272852,3951691.938631664
450738.2219889929,3951691.900824999
450738.3574740237,3951691.863101974
450738.6586999987,3951691.805973789
450738.8092617157,3951691.768167133
450738.9598234314,3951691.73036048
450739.0651551064,3951691.692804741
450739.1404359665,3951691.673901416
450739.2157168246,3951691.654998091
450739.5921211311,3951691.560481479
450739.7427853958,3951691.541159976
450739.8933471215,3951691.503353338
450740.0288321673,3951691.465630338
450740.1341638498,3951691.428074612
450740.3148789367,3951691.39010071
450740.4503639861,3951691.352377716
450740.6608222706,3951691.240296001
450740.8112814651,3951691.184004242
450740.9618431987,3951691.146197622
450741.1124049361,3951691.108391005
450741.2478899883,3951691.070668024
450741.3231708604,3951691.051764716
450741.5641926915,3951691.013456305
450741.7147544312,3951690.975649699
450741.8653161744,3951690.937843094
450742.2262336939,3951690.769469678
450742.3767954404,3951690.731663081
450742.5274597291,3951690.712341626
450742.6780214778,3951690.674535036
450742.7531998155,3951690.637146604
450742.9640682985,3951690.599005494
450743.0996559057,3951690.579767678
450743.2502176589,3951690.541961099
450743.3254985371,3951690.523057808
450743.5362644886,3951690.466431575
450743.5964686852,3951690.447611916
450743.7470304426,3951690.409805345
450743.8674388355,3951690.372166033
450744.0028213792,3951690.315957958
450744.1532806074,3951690.259666255
450744.2887656848,3951690.221943322
450744.4242507656,3951690.184220389
450744.5747099987,3951690.127928695
450744.7252717678,3951690.090122138
450744.8005526504,3951690.071218861
450745.0251649037,3951689.792687384
450745.1004457918,3951689.773784111
450745.1757266779,3951689.754880838
450745.4616710182,3951689.660866239
450745.5369519037,3951689.641962968
450745.6122327942,3951689.623059699
450745.6876162192,3951689.622641568
450746.2296591393,3951689.490235074
450746.3651442392,3951689.452512172
450746.4860653076,3951689.507298585
450746.6517037792,3951689.469408438
206260876.0629426,126269700.7241337
450746.9377506707,3951689.393879023
450747.0883124594,3951689.356072509
450747.2388742492,3951689.318265996
450747.4195894143,3951689.28029224
450747.6002020458,3951689.223833348
450747.7658405294,3951689.185943222
450747.9162997953,3951689.129651584
450747.9917857515,3951689.147718609
450748.2328076604,3951689.109410379
450748.3983436199,3951689.053035128
450748.5339312589,3951689.033797396
450748.6092121628,3951689.014894152
450748.8349523416,3951688.939699286
450748.9855141456,3951688.901892803
450749.1512551632,3951688.882487839
450749.3167911302,3951688.826112606
450749.4673529404,3951688.788306131
450749.7536049213,3951688.749747083
450749.8890900488,3951688.712024235
450750.0246776983,3951688.692786526
450750.1903161968,3951688.654896445
450750.3256988075,3951688.598688466
450750.4913373067,3951688.56079839
450750.6418991259,3951688.522991936
450750.8075376302,3951688.485101867
450750.973073617,3951688.428726662
450751.1085587521,3951688.391003834
450751.3354266898,3951688.519145542
450751.4859885109,3951688.481339102
450751.6365503378,3951688.443532664
450751.7872146806,3951688.424211367
450751.9378790219,3951688.404890071
450752.103415017,3951688.348514889
450752.2540793646,3951688.329193598
450752.4046411949,3951688.291387174
450752.5702797081,3951688.253497138
450752.5256647583,3951688.364658805
450752.6913032705,3951688.326768771
450752.8570443059,3951688.307363878
450753.0075036222,3951688.251072327
450753.1731421408,3951688.2131823
450753.3087298041,3951688.193944641
450753.4592916432,3951688.156138235
450753.6249301631,3951688.118248219
450753.7754920002,3951688.080441818
450753.9261563555,3951688.061120556
450754.0466673383,3951688.041966522
450754.121948257,3951688.023063325
450754.3478935358,3951687.984838874
450754.4984553757,3951687.947032486
450754.6640939082,3951687.909142488
450754.8147582682,3951687.889821242
206260119.8787227,126270049.9296712
450755.1158819631,3951687.814208482
450755.2664438089,3951687.776402106
450755.4020314852,3951687.757164481
450755.4468514998,3951687.682973102
450755.5823366642,3951687.645250341
450755.7478726957,3951687.588875227
450809.3150360097,3951687.236518028
450756.0488938955,3951687.494777363
450756.1843790675,3951687.457054612
450756.334940926,3951687.419248255
450756.4102218591,3951687.400345076
450756.6359621421,3951687.325150409
450756.7112430743,3951687.306247232
450756.7715498256,3951687.305912802
450757.0426226861,3951687.248952463
450757.1781078659,3951687.211229725
450757.3286697325,3951687.173423386
450757.4792316026,3951687.135617048
450757.6147167859,3951687.097894319
450757.7652786539,3951687.060087985
450757.9008663436,3951687.040850397
450758.0513257122,3951686.984558932
450758.1115299572,3951686.965739373
450758.1414783241,3951686.928601888
450758.3517319268,3951686.779550322
450758.426910357,3951686.742162025
450758.6224972953,3951686.667134617
450758.7730591792,3951686.629328302
450758.9236210645,3951686.591521988
450758.998799501,3951686.554133696
450759.0590037531,3951686.535314145
450759.3600250244,3951686.441216393
450759.4954077204,3951686.385008555
450759.5704836603,3951686.32913513
450759.3070404498,3951611.629863801
450759.8414540648,3951686.253689737
450760.0069901481,3951686.197314704
450760.1574495414,3951686.141023274
450760.307908939,3951686.084731848
450760.4735475272,3951686.046841959
450760.6090327367,3951686.009119276
450760.7594921417,3951685.952827856
450760.9099515414,3951685.896536441
450761.0761026372,3951685.951072249
450761.2266645409,3951685.913265975
450761.3772264503,3951685.875459704
450761.6782477628,3951685.781362031
450761.7535287183,3951685.762458899
450761.9642948938,3951685.705833105
206259429.8070432,126270661.891499
450762.2051119577,3951685.630554982
450762.4309548297,3951685.573845601
450762.6414135239,3951685.461764412
450762.791872948,3951685.405473027
450762.8671539043,3951685.386569905
450762.9424348678,3951685.367666783
450763.2283795245,3951685.273652759
450763.3789414505,3951685.235846523
450763.4542224117,3951685.216943406
450763.6799628095,3951685.141748919
450763.8304222409,3951685.085457552
450763.9658049872,3951685.029249784
450764.1317510924,3951685.046815376
450764.2823130237,3951685.009009153
450764.4176957738,3951684.952801391
450764.5682577055,3951684.914995176
450764.9750209188,3951684.857282731
450764.8691765978,3951684.802412473
450765.0348152281,3951684.764522671
450765.1100961988,3951684.745619569
450765.350913312,3951684.670341531
450765.4863985622,3951684.632618923
450765.637575448,3951684.705723546
450765.7881373933,3951684.66791735
450765.9385968501,3951684.611626019
450766.0891587959,3951684.573819828
450766.1644397705,3951684.554916734
450766.3902826936,3951684.498207454
450766.5408446431,3951684.46040127
450766.6914065962,3951684.42259509
450766.8419685483,3951684.384788911
450766.9021728332,3951684.365969414
450767.1736557924,3951684.382949931
450767.3242177493,3951684.345143762
450767.4597030101,3951684.307421183
450767.5951882766,3951684.269698609
450767.7306735421,3951684.231976034
450767.8813379894,3951684.212655011
450768.0017465639,3951684.175016029
450768.1221551394,3951684.13737705
450768.2576404111,3951684.099654483
450768.3178446987,3951684.080834995
450768.4232790704,3951684.061764745
450768.5285084716,3951684.005724221
450768.6332254513,3951683.857258013
450768.7240955477,3951683.930697039
450768.799376533,3951683.911793967
450768.8594783415,3951683.874489345
450768.9195801482,3951683.837184724
450768.9797844435,3951683.818365239
450769.0249120407,3951683.799629344
450769.0700396383,3951683.780893446
450769.2503450668,3951683.668979588
450769.2503450668,3951683.668979588
450769.2503450668,3951683.668979588
450769.2503450668,3951683.668979588
450769.2503450668,3951683.668979588
450769.2503450668,3951683.668979588
450769.2503450668,3951683.668979588
450943.0243123465,3951682.707265846
450769.2503450668,3951683.668979588
450769.3100369481,3951683.557734422
450769.3100369481,3951683.557734422
450769.3100369481,3951683.557734422
450769.3100369481,3951683.557734422
450769.3100369481,3951683.557734422
450769.3100369481,3951683.557734422
450769.3100369481,3951683.557734422
450769.3100369481,3951683.557734422
450769.3100369481,3951683.557734422
450769.3100369481,3951683.557734422
450769.3100369481,3951683.557734422
450769.3399853731,3951683.520596976
450769.3399853731,3951683.520596976
450769.3399853731,3951683.520596976
450769.3399853731,3951683.520596976
450769.3399853731,3951683.520596976
450769.3399853731,3951683.520596976
450769.3399853731,3951683.520596976
450769.3399853731,3951683.520596976
450769.3399853731,3951683.520596976
450769.3399853731,3951683.520596976
450769.3694213834,3951683.391033845
450769.3694213834,3951683.391033845
450769.3694213834,3951683.391033845
450769.3694213834,3951683.391033845
450769.3694213834,3951683.391033845
450769.3694213834,3951683.391033845
450769.3694213834,3951683.391033845
450769.3694213834,3951683.391033845
450769.3691139357,3951683.335578434
450769.3082947428,3951683.243487093
450769.3082947428,3951683.243487093
450769.3082947428,3951683.243487093
450769.3082947428,3951683.243487093
450769.3082947428,3951683.243487093
450769.3082947428,3951683.243487093
450769.3075773641,3951683.114091134
450769.3082947428,3951683.243487093
450769.3082947428,3951683.243487093
450769.3080897774,3951683.206516819
450769.3080897774,3951683.206516819
450769.3080897774,3951683.206516819
442536297.2282561,193727260.1547042
450769.3080897774,3951683.206516819
450769.3080897774,3951683.206516819
450769.3080897774,3951683.206516819
450769.3080897774,3951683.206516819
450769.3080897774,3951683.206516819
450769.3080897774,3951683.206516819
450769.3077823295,3951683.151061407
450769.3077823295,3951683.151061407
450769.3077823295,3951683.151061407
450769.3077823295,3951683.151061407
450769.3077823295,3951683.151061407
450769.3077823295,3951683.151061407
450769.3077823295,3951683.151061407
450769.3077823295,3951683.151061407
450769.3077823295,3951683.151061407
450770.2425374161,3951683.145879121
450769.3229615091,3951683.169462959
450769.3229615091,3951683.169462959
450769.3229615091,3951683.169462959
450769.3229615091,3951683.169462959
450769.3229615091,3951683.169462959
450769.3229615091,3951683.169462959
450769.3229615091,3951683.169462959