302460.1137230124,4123711.2909372333,26.46
302460.1898254222,4123711.4210892688,27.36
302460.2728651459,4123711.5639558067,27.24
302460.3624125057,4123711.718999577,26.45
302460.4579326938,4123711.885469471,27.06
302460.5587943835,4123712.0624571713,26.82
302460.66432150226,4123712.248964484,26.05
302460.77382646943,4123712.443936735,25.62
302460.8866444414,4123712.6463082084,27.5
302461.002144112,4123712.855047285,28.56
302461.1197330994,4123713.069169662,27.72
302461.2389006214,4123713.287780509,27.32
302461.3592108429,4123713.510064294,27.91
302461.4803089354,4123713.7353115524,27.78
302461.60190590186,4123713.962903432,27.54
302461.7237841214,4123714.19231527,27.78
302461.84579989203,4123714.4231303786,27.86
302461.96786383854,4123714.655014033,27.89
302462.08995957667,4123714.887699121,29.8
302462.2120824827,4123715.120994435,29.56
302462.33415044285,4123715.3546121055,28.9
302462.456308951,4123715.5885614613,28.29
302462.57868385187,4123715.8228930677,29.35
302462.70146734646,4123716.0577587034,27.53
302462.8247666192,4123716.293200512,28.59
302462.94877652754,4123716.5294288183,28.03
302463.0736398046,4123716.7665824303,28.29
302463.1994950408,4123717.0047926246,28.79
302463.3264389268,4123717.244147358,28.23
302463.4545195825,4123717.484666053,28.67
302463.5837865958,4123717.7263940703,29.21
302463.71419910184,4123717.9692312004,28.4
302463.8456848357,4123718.21305429,28.62
302463.97813053755,4123718.457680474,28.27
302464.11138416734,4123718.702888004,27.83
302464.2452773343,4123718.9484327193,27.63
302464.37962070265,4123719.1940341084,28.22
302464.5142367396,4123719.4394692457,27.89
302464.6488977672,4123719.6844346975,28.66
302464.78342423734,4123719.9286699407,29.2
302464.91761566704,4123720.1719191107,27.87
302465.0513215346,4123720.4139755736,28.4
302465.18442309304,4123720.6546877315,27.71
302465.3168406934,4123720.893985593,28.11
302465.448532533,4123721.1318190983,28.78
302465.57946739305,4123721.368170339,28.54
302465.70972830005,4123721.6032126583,28.68
302465.8393310402,4123721.837009739,28.32
302465.96839036315,4123722.069766829,27.96
302466.0970672337,4123722.301759252,27.8
302466.2255461315,4123722.5333394315,26.51
302466.3540429019,4123722.7649255297,26.02
302466.48278151476,4123722.9969765027,23.94
302466.6120321419,4123723.22997953,24.73
302466.7420523369,4123723.4644328845,25.01
302466.8730834877,4123723.700827621,25.72
302467.0053380299,4123723.9396226443,25.3
302467.13898378576,4123724.181229773,25.9
302467.2741498667,4123724.42595797,25.79
302467.4109170422,4123724.6740372377,26.81
302467.5492843502,4123724.9256056626,26.17
302467.6891282963,4123725.1805728334,26.8
302467.8302826831,4123725.4387595216,26.25
302467.97259304416,4123725.7000123663,27.28
302468.1157934732,4123725.963955568,27.29
302468.2596237424,4123726.230218481,26.92
302468.40381456044,4123726.4983662004,26.69
302468.5480956143,4123726.76791651,27.02
302468.6922004068,4123727.0383642465,26.95
302468.8358707012,4123727.309163983,27.76
302468.9788910422,4123727.5798112755,27.35
302469.12104129815,4123727.8497705203,27.08
302469.26214409695,4123728.118510548,28.87
302469.4020315145,4123728.3855292057,28.49
302469.54056066513,4123728.650339191,29.21
302469.6776035332,4123728.9125056583,28.15
302469.81306236575,4123729.1716370503,27.79
302469.9468736687,4123729.427433375,27.84
302470.0789850979,4123729.679640416,27.61
302470.20939187834,4123729.928101733,27.24
302470.3381062695,4123730.1727408282,27.68
302470.4651763285,4123730.4135927125,26.54
302470.5906773513,4123730.6507636723,26.15
302470.7147420731,4123730.884502743,26.08
302470.8375434318,4123731.115133557,26.16
302470.9592177244,4123731.3429638282,25.98
302471.0800226969,4123731.568531507,26.05
302471.20015849307,4123731.7923030145,25.72
302471.3198374407,4123732.014764494,26.53
302471.43924616906,4123732.2363925246,24.96
302471.5585626077,4123732.4576403205,24.87
302471.6779464631,4123732.6789316335,25.02
302471.7975039597,4123732.9006554903,25.15
302471.917330551,4123733.1231523515,25.33
302472.0374873095,4123733.3466808866,25.89
302472.1580157526,4123733.571465723,25.87
302472.2789240269,4123733.7976762555,25.71
302472.4002334399,4123734.0254332707,27.57
302472.5219096657,4123734.2547917166,27.02
302472.64393375727,4123734.485765356,26.48
302472.7663115569,4123734.718412797,26.05
302472.889003452,4123734.952665452,25.64
302473.0119670546,4123735.188430887,25.98
302473.1351783847,4123735.425584923,26.94
302473.2586125852,4123735.6640269533,25.3
302473.3822661695,4123735.903610941,26.82
302473.5061330248,4123736.1442048126,27.07
302473.6302170924,4123736.3856957266,26.05
302473.7545338788,4123736.627970024,25.79
302473.8791294855,4123736.870903367,28.75
302474.0040159841,4123737.114407565,27.54
302474.1292140155,4123737.3583946684,26.65
302474.25477016397,4123737.6028015367,27.24
302474.38070955465,4123737.8475601827,27.89
302474.50706061,4123738.09262978,26.9
302474.6338483145,4123738.337971536,26.91
302474.7610936154,4123738.5835373383,28.5
302474.8888193926,4123738.8293108875,29.07
302475.017027061,4123739.075275485,26.76
302475.1457345502,4123739.321409221,27.98
302475.27493636176,4123739.5676465775,28.9
302475.4046981802,4123739.81410653,27.2
302475.5349629931,4123740.0606246023,28.59
302475.6657140117,4123740.307156984,28.6
302475.7969345616,4123740.5536533594,28.14
302475.9286289962,4123740.800072305,29.16
302476.06078587356,4123741.0463819434,28.39
302476.19341205404,4123741.2925736317,28.28
302476.3265286318,4123741.538635082,28.56
302476.4601660349,4123741.784620928,28.59
302476.59435869433,4123742.0305829747,28.61
302476.7291489756,4123742.2765920796,28.38
302476.8645820923,4123742.5227270396,28.39
302477.00071564555,4123742.7690965286,8.9
302477.1376030282,4123743.0157992244,29.52
302477.2753057533,4123743.262937563,30.89
302477.4138584879,4123743.5106353215,29.99
302477.5533030103,4123743.758969655,29.53
302477.69367136626,4123744.0080257757,28.96
302477.83498945285,4123744.257872122,29.41
302477.9773027654,4123744.508524638,34.55
302478.12060674065,4123744.760037844,32.69
302478.2649009886,4123745.0124404365,30.9
302478.4101948844,4123745.265704269,30.73
302478.55648941494,4123745.519846442,30.64
302478.70380034787,4123745.7748441203,31.13
302478.852112872,4123746.0306633124,27.73
302479.0014198309,4123746.287257928,27.32
302479.1517120944,4123746.5445922725,27.98
302479.3030005756,4123746.8025977374,28.01
302479.45526238886,4123747.061206446,28.49
302479.6084632232,4123747.320357941,28.16
302479.7625672041,4123747.579995797,28.4
302479.9175215459,4123747.840070397,27.58
302480.0732465461,4123748.100530189,27.68
302480.2296431369,4123748.3613451296,27.66
302480.3865943961,4123748.622476668,27.15
302480.54397309385,4123748.883890235,27.26
302480.70160774793,4123749.1455673072,26.59
302480.85934062884,4123749.40749232,26.96
302481.01695158443,4123749.6695275726,28.26
302481.174333718,4123749.93176388,30.49
302481.3312938422,4123750.194134673,29.34
302481.48765051103,4123750.456564066,28.1
302481.6432261989,4123750.7189415563,28.28
302481.7978830838,4123750.981149165,28.4
302481.9514860086,4123751.243048502,28.35
302482.1039359574,4123751.5045013675,28.39
302482.2551511473,4123751.765338333,27.93
302482.4050914682,4123752.02540526,28.21
302482.5537425833,4123752.2845494035,28.69
302482.7011123789,4123752.542637212,28.26
302482.84722581063,4123752.799534061,28.28
302482.9921348005,4123753.0551464786,27.7
302483.13590629766,4123753.3094005454,28.2
302483.2786371008,4123753.5622509485,28.72
302483.4204303828,4123753.813711152,29.06
302483.56139572535,4123754.0638195737,28.97
302483.70164663467,4123754.3126511956,29.02
302483.8412712139,4123754.5603399253,27.8
302483.9804148294,4123754.807001108,27.86
302484.11920179636,4123755.0527904015,28.65
302484.2577413392,4123755.2979132677,27.89
302484.39614469657,4123755.5425550803,28.61
302484.5345231386,4123755.786942236,28.28
302484.6730062102,4123756.0312819583,28.22
302484.8116894889,4123756.27579063,28.33
302484.95065948035,4123756.5206840555,27.76
302485.0900071445,4123756.7661455083,28.07
302485.2298103306,4123757.0123515893,27.94
302485.3701410156,4123757.259434892,28.57
302485.51105641836,4123757.5075367433,27.95
302485.65260335576,4123757.7567345747,28.09
302485.79481457255,4123758.007112718,27.79
302485.9377066014,4123758.2586996946,28.05
302486.0812808591,4123758.511507893,27.61
302486.2255293404,4123758.765519959,28.42
302486.3704168009,4123759.0206806785,27.84
302486.5158963734,4123759.276917567,27.59
302486.66190482804,4123759.5341182384,28.44
302486.8083678891,4123759.792181235,28.56
302486.95522445976,4123760.0509679955,27.92
302487.10238926095,4123760.3103272924,27.32
302487.2497750591,4123760.570107158,28.04
302487.3972861488,4123760.8301497106,27.46
302487.54484066606,4123761.090310491,27.67
302487.6923535303,4123761.350422331,28.81
302487.83973993984,4123761.610343448,28.56
302487.98691671697,4123761.8699416947,28.12
302488.1338185841,4123762.1290930444,28.22
302488.2803797304,4123762.387667168,28.47
302488.4265454781,4123762.6455795276,27.79
302488.57226950367,4123762.902731573,27.96
302488.7175141399,4123763.159054025,28.56
302488.86224290315,4123763.414491525,27.71
302489.0064425835,4123763.669010155,27.96
302489.1501007973,4123763.9225907037,27.59
302489.29322407837,4123764.1752279215,28.83
302489.43581473525,4123764.4269314874,27.55
302489.57789575664,4123764.6777246585,28.89
302489.7194739176,4123764.9276509243,27.52
302489.86058496026,4123765.1767395954,27.98
302490.0012512872,4123765.425059708,27.57
302490.1415039094,4123765.672655458,27.64
302490.2813829853,4123765.9196023447,28.01
302490.4209321759,4123766.165988942,27.98
302490.56019521155,4123766.4118844233,28.48
302490.69921963505,4123766.6573727955,29.35
302490.8380520509,4123766.902562535,28.16
302490.97673723946,4123767.1475436124,28.2
302491.11532009504,4123767.3923916533,27.12
302491.2538481126,4123767.637187097,28.23
302491.39234571136,4123767.8819828825,27.66
302491.53084231046,4123768.1268320684,27.76
302491.6693717455,4123768.3717695544,28.26
302491.8079449601,4123768.616809402,28.69
302491.94657814555,4123768.8619616632,28.21
302492.08527424105,4123769.107215453,28.54
302492.22403799533,4123769.352565694,28.97
302492.3628634491,4123769.597982535,28.82
302492.5017436503,4123769.8434440894,27.79
302492.6406736128,4123770.0889344425,27.72
302492.7796453104,4123770.3344449042,27.79
302492.9186588551,4123770.5799797922,27.27
302493.0577057369,4123770.825533218,27.14
302493.19677920337,4123771.071131482,26.33
302493.33588906715,4123771.316790566,26.33
302493.475036189,4123771.562533029,26.69
302493.61420769634,4123771.8083911636,26.82
302493.75338584615,4123772.0543955225,26.07
302493.89254485985,4123772.3005389334,26.38
302494.03164660564,4123772.5468501574,25.46
302494.17064015823,4123772.793318558,25.96
302494.3094724888,4123773.039946605,25.58
302494.4480879912,4123773.286748014,25.75
302494.5864209573,4123773.53372391,25.45
302494.72440835676,4123773.7808953063,25.36
302494.86201328575,4123774.0282931267,25.82
302494.99917381513,4123774.275976498,24.83
302495.1358686269,4123774.5239792806,25.2
302495.27206388616,4123774.772371894,24.73
302495.40774977655,4123775.0212100814,24.65
302495.54293130996,4123775.2705876557,24.53
302495.6776082579,4123775.5205716155,23.89
302495.811801357,4123775.771239411,23.46
302495.94553798856,4123776.0226645777,23.71
302496.07883780287,4123776.27491891,23.48
302496.21173014736,4123776.52803367,23.63
302496.3442305916,4123776.782080005,22.08
302496.4763567399,4123777.037118395,21.35
302496.60810547305,4123777.2932104412,19.84
302496.7394911166,4123777.550409724,19.57
302496.8705091897,4123777.8087692927,20.15
302497.00112630724,4123778.0683484725,18.77
302497.1312667731,4123778.3292368213,12.47
302497.2608785147,4123778.5915027834,11.9
302497.3898717496,4123778.855234292,11.37
302497.5181294078,4123779.1205315557,9.62
302497.6455203179,4123779.387502627,8.73
302497.7718765439,4123779.6562671755,7.03
302497.89701175207,4123779.92697325,7.4
302498.0206937866,4123780.1997844167,6.3
302498.14268056507,4123780.474868394,5.94
302498.262694599,4123780.7524080924,5.41
302498.3804146313,4123781.032600204,1.54
302498.4955071921,4123781.315619204,0.74
302498.60761487024,4123781.601631685,359.2
302498.7164271686,4123781.8907832685,1.81
302498.82160806196,4123782.1832118602,1.79
302498.92283876956,4123782.47902794,1.96
302499.0198179631,4123782.7782835723,2.05
302499.1122678605,4123783.081017405,0.66
302499.1999468158,4123783.387199232,359.19
302499.2826400314,4123783.696791498,357.11
302499.3601662976,4123784.009721489,352.6
302499.4324043682,4123784.3259026785,350.97
302499.4992864998,4123784.645234394,351.26
302499.5608272174,4123784.967623052,354.43
302499.6170361842,4123785.292987247,354.14
302499.6679402809,4123785.6212292444,350.41
302499.71361830505,4123785.9522700924,350.35
302499.7541055917,4123786.28600506,346.11
302499.7894708913,4123786.622349874,344.46
302499.8197328015,4123786.961213514,340.72
302499.8448912059,4123787.3024645858,338.04
302499.86491881555,4123787.645950008,335.47
302499.8797536806,4123787.9914919836,334.61
302499.8892945188,4123788.3388430737,333.28
302499.8933896818,4123788.6877140384,331.88
302499.89184858836,4123789.037753795,328.88
302499.88444633485,4123789.388567141,327.59
302499.87092436175,4123789.739675373,325.33
302499.85102581984,4123790.0905416356,323.67
302499.82450198336,4123790.440556499,320.96
302499.79091788945,4123790.7891881126,315.0
302499.74995531916,4123791.1357853273,314.27
302499.70131915604,4123791.4796826257,314.55
302499.6446824537,4123791.820193991,309.72
302499.57974204706,4123792.1566241267,306.51
302499.5062213038,4123792.4883300452,307.25
302499.42384048016,4123792.814678383,299.78
302499.33236869087,4123793.1351528973,304.6
302499.23161762714,4123793.4493214707,307.48
302499.12143720605,4123793.7568142377,307.1
302499.00164661324,4123794.0573441526,300.32
302498.87212817883,4123794.3507782533,304.45
302498.7328636051,4123794.6369629144,300.78
302498.5838605414,4123794.9158386756,295.52
302498.4252130227,4123795.18743298,297.54
302498.2571158197,4123795.4518067995,299.44
302498.07986479683,4123795.7090352657,301.06
302497.8937409144,4123795.9592546453,300.31
302497.6993251547,4123796.202429482,296.68
302497.49713112914,4123796.438678404,298.93
302497.2879223025,4123796.6679658443,298.92
302497.0723205329,4123796.8903520955,298.09
302496.85120562476,4123797.105778519,298.87
302496.62544849084,4123797.3142394526,298.14
302496.39591875114,4123797.515747852,296.97
302496.16342863726,4123797.710340015,296.62
302495.92876112834,4123797.8980982793,294.96
302495.6925855251,4123798.0791662936,294.5
302495.45549807366,4123798.253744668,294.87
302495.2179661516,4123798.4221219597,296.01
302494.9803426505,4123798.5846472196,300.17
302494.74284577835,4123798.741679034,296.46
302494.50563527964,4123798.893660801,298.41
302494.26879500004,4123799.041015281,300819.0
302494.0323430822,4123799.1841899916,295.47
302493.7962493039,4123799.323611032,293.74
302493.5604775948,4123799.459722763,295.49
302493.3249463357,4123799.5929168747,295.63
302493.0895641081,4123799.7235673354,295.15
302492.8543292518,4123799.8519463995,295.1
302492.61908609676,4123799.978400246,294.84
302492.38368254754,4123800.1032272796,295.11
302492.1479952058,4123800.2267197827,295.12
302491.91188894305,4123800.3491366534,294.53
302491.67520034616,4123800.4706899305,294.28
302491.4378114127,4123800.5915989513,294.93
302491.1995645533,4123800.7119892193,294.04
302490.96033874777,4123800.831985368,293.26
302490.72006321885,4123800.9516921863,293.54
302490.47873410844,4123801.0712031894,295.38
302490.2363651578,4123801.190502863,295.23
302489.99295535707,4123801.3096318743,295.4
302489.7485254041,4123801.428622421,297.57
302489.50330981484,4123801.5473365253,297.71
302489.2573652501,4123801.6657750057,300.53
302489.0109732283,4123801.783826315,301.85
302488.7644309737,4123801.9014140326,304.02
302488.5178438503,4123802.018609513,304.88
302488.27150529134,4123802.1353631876,304.96
302488.0255062462,4123802.251776189,303.7
302487.7801224094,4123802.367889645,303.58
302487.53539372556,4123802.4838922727,301.58
302487.2914582796,4123802.59997973,301.96
302487.0484357512,4123802.716367005,301.34
302486.8064062246,4123802.8333178284,301.66
302486.56544578716,4123802.951104547,301.47
302486.3256050219,4123803.0700030634,301.95
302486.08691002475,4123803.190251528,298.95
302485.84939005243,4123803.3120785356,298.06
302485.61306207103,4123803.4356669826,298.67
302485.3779583862,4123803.561179391,298.74
302485.1440637106,4123803.6886862004,299.68
302484.9113668734,4123803.818224892,301.28
302484.6798469803,4123803.949733711,299.09
302484.44947005867,4123804.083108732,300.96
302484.220152304,4123804.2181247515,296.88
302483.9918418303,4123804.3545362502,296.38
302483.76445611357,4123804.4920810056,296.72
302483.5379038056,4123804.6304573426,297.58
302483.31208173477,4123804.7693471815,297.62
302483.08686671965,4123804.908433977,295.56
302482.8621546564,4123805.0473889555,292.39
302482.6378560944,4123805.1859490075,294.62
302482.413889451,4123805.323851092,296.18
302482.19017180713,4123805.4608575962,295.58
302481.96664069255,4123805.596772387,294.77
302481.7432319439,4123805.7314294074,294.68
302481.5198840995,4123805.864696496,295.19
302481.2965470743,4123805.9964540782,294.79
302481.0731738785,4123806.1266256105,294.65
302480.8497185174,4123806.2551425425,293.68
302480.6262360039,4123806.3819178743,295.44
302480.40257727774,4123806.506997986,295.93
302480.1788143615,4123806.6303109876,295.67
302479.95484151883,4123806.7519368012,297.25
302479.7306691959,4123806.871885872,300819.0
302479.50632693537,4123806.99019967,296.05
302479.28184265,4123807.1069462206,296.75
302479.0572697495,4123807.2222126694,296.82
302478.8326746114,4123807.336113865,298.23
302478.6081209624,4123807.4487642436,296.9
302478.38368708617,4123807.5602872367,297.38
302478.1594605234,4123807.6708385227,299.22
302477.9355349062,4123807.780567556,300.23
302477.71200169256,4123807.8896397757,300.62
302477.48895536223,4123807.9982256596,301.96
302477.2664862542,4123808.1065132148,302.65
302477.04467601725,4123808.2146819904,304.07
302476.8235868956,4123808.322898867,304.35
302476.6032683289,4123808.4313236177,302.54
302476.3837648069,4123808.5401285905,302.75
302476.1651085214,4123808.6494820532,302.85
302475.9471956907,4123808.7596459533,302.82
302475.73009669135,4123808.8707256755,303.28
302475.5136732198,4123808.9830353614,305.26
302475.29781647027,4123809.096821226,307.86
302475.0824048426,4123809.212323758,309.45
302474.86727083666,4123809.329822347,310.58
302474.6522205537,4123809.4496265687,312.11
302474.43700746435,4123809.5720656523,311.21
302474.22133607854,4123809.697494803,309.63
302474.0048736913,4123809.8262712196,311.21
302473.78728010296,4123809.9588184664,314.3
302473.56818850554,4123810.095578796,315.89
302473.34721742815,4123810.2370022377,316.39
302473.1240033277,4123810.383531888,316.51
302472.89822555875,4123810.5356263197,319.98
302472.66960284155,4123810.6937217754,320.4
302472.4379266583,4123810.8582120393,320.0
302472.2030793824,4123811.0294804345,322.78
302471.96504159766,4123811.2078201603,323.84
302471.7240098567,4123811.3933538185,325.37
302471.4802646583,4123811.58619153,327.87
302471.2342307188,4123811.7863313984,331.55
302470.9864672147,4123811.993669035,332.81
302470.7376653614,4123812.2079806556,334.84
302470.48863736633,4123812.428932311,337.64
302470.2402710439,4123812.6560943937,339.14
302469.9935338428,4123812.8889361494,341.59
302469.7494315923,4123813.1268742527,342.23
302469.5089911997,4123813.3692466915,343.46
302469.27322560345,4123813.6153535354,343.95
302469.04311294167,4123813.86447798,342.9
302468.8195772279,4123814.1158943838,341.37
302468.60346190585,4123814.368883637,340.94
302468.3954743569,4123814.6228838274,339.71
302468.1962485653,4123814.8773045437,343.12
302468.00630395353,4123815.131632968,345.83
302467.8250698757,4123815.3852251577,346.41
302467.65428131877,4123815.637582426,346.26
302467.4932885329,4123815.8885555975,347.7
302467.34206842445,4123816.137825021,348.87
302467.2002718247,4123816.385305143,352.04
302467.0676537255,4123816.6308264774,355.93
302466.9437311625,4123816.87436308,355.64
302466.82794791355,4123817.115948962,353.26
302466.71975423326,4123817.3556563915,356.37
302466.61861338175,4123817.5936300713,358.97
302466.52404351486,4123817.8300360283,1.24
302466.4356199766,4123818.0649772584,3.24
302466.3529871973,4123818.2986207684,2.87
302466.2758808308,4123818.5312732314,0.19
302466.2041689588,4123818.7630908424,1.91
302466.13779669855,4123818.9943392687,2.1
302466.07679603,4123819.2253060634,4.99
302466.0212350213,4123819.456272441,7.85
302465.9712063498,4123819.6875218903,8.28
302465.92680904886,4123819.9193360284,10.05
302465.8881094116,4123820.151944613,11.32
302465.8551343342,4123820.385548579,12.87
302465.82780978293,4123820.620367335,15.48
302465.8060807923,4123820.856447076,17.65
302465.78983988997,4123821.0938073206,18.81
302465.778955668,4123821.3324053343,19.12
302465.7732529644,4123821.5721635767,17.3
302465.77258007176,4123821.812971737,17.78
302465.77680243325,4123822.054696519,18.44
302465.785825869,4123822.297196776,20.18
302465.7995896844,4123822.5403283793,20.67
302465.81807220174,4123822.7839531247,21.94
302465.84127884643,4123823.027962667,21.88
302465.86924510484,4123823.2722733063,20.8
302465.9020090528,4123823.516826817,20.59
302465.939616996,4123823.761611213,20.04
302465.98212713347,4123824.0065412414,19.52
302466.0295261085,4123824.2516568275,20.32
302466.0817740605,4123824.4970243284,19.64
302466.1394281674,4123824.742845583,19.74
302466.200880056,4123824.989150412,22.16
302466.26698617445,4123825.23579464,22.72
302466.3375567786,4123825.482887247,24.46
302466.41236480436,4123825.730494461,25.24
302466.4911556317,4123825.978686263,25.61
302466.57370917377,4123826.227537274,27.65
302466.65979170764,4123826.4771047556,28.13
302466.74913621624,4123826.727462986,25.7
302466.8415046794,4123826.9786194456,25.9
302466.9366789029,4123827.2306064707,25.37
302467.03447430755,4123827.483498513,25.4
302467.1347392489,4123827.7372538,25.04
302467.2373665006,4123827.9917160184,27.4
302467.3422444312,4123828.2468918464,28.47
302467.4492835515,4123828.5026477682,27.73
302467.55838872754,4123828.7588198115,26.35
302467.66949537816,4123829.0152185126,26.67
302467.78254367627,4123829.271656676,26.25
302467.8974496327,4123829.5279023927,26.95
302468.01412589074,4123829.783742127,26.79
302468.13246511953,4123830.038970727,26.28
302468.2523368544,4123830.293382336,26.74
302468.37360363884,4123830.546824016,26.59
302468.4961142291,4123830.7991427337,26.7
302468.619738496,4123831.0502392724,29.39
302468.7443314844,4123831.300073567,27.94
302468.86974988226,4123831.548642055,28.54
302468.9958602314,4123831.796016907,26.76
302469.1225934869,4123832.042276262,31.74
302469.24985793204,4123832.2875898876,28.34
302469.37762358086,4123832.532145025,28.44
302469.5058843041,4123832.7761272322,29.13
302469.6346558544,4123833.0197494184,28.54
302469.7639927641,4123833.2632272905,29.45
302469.89393728593,4123833.5067339833,28.54
302470.0245633357,4123833.7504437626,29.13
302470.1559356357,4123833.9944993,29.9
302470.28812264174,4123834.239014091,29.41
302470.4212770603,4123834.484235606,28.73
302470.555401521,4123834.73012931,29.72
302470.6905426936,4123834.9767402685,27.88
302470.8267389929,4123835.2241070205,27.36
302470.96402589016,4123835.472248028,27.76
302471.10242571554,4123835.721187903,27.41
302471.24192955304,4123835.970936437,27.52
302471.3825217079,4123836.221501174,27.3
302471.5241620962,4123836.4728631573,26.86
302471.6667788963,4123836.725012171,27.47
302471.810269317,4123836.9779163045,26.85
302471.9545045901,4123837.2315286975,26.07
302472.09933537693,4123837.485776155,5.88
302472.24457776855,4123837.7405621824,26.53
302472.39003682917,4123837.995762321,26.83
302472.5355033801,4123838.251207794,26.4
302472.6807614157,4123838.5067126527,26.62
302472.8255740888,4123838.76207862,26.14
302472.96971319354,4123839.017086882,25.48
302473.11297155893,4123839.27153492,25.7
302473.255159506,4123839.5252066925,26.41
302473.3961041118,4123839.7779260483,24.89
302473.53567281296,4123840.0295396075,25.74
302473.67375825293,4123840.2799100936,25.04
302473.81030119606,4123840.5289696823,25.48
302473.9452480721,4123840.7766881255,24.46
302474.07860424725,4123841.0230238857,25.32
302474.21037543064,4123841.26801378,24.38
302474.34060767334,4123841.511685236,24.35
302474.46933842066,4123841.7540945197,28.23
302474.59666146233,4123841.9952758807,30.08
302474.7226181512,4123842.235287347,28.4
302474.8472793501,4123842.4741924154,27.45
302474.9707172677,4123842.712029633,26.85
302475.093054883,4123842.9489481444,26.78
302475.2144018463,4123843.18502563,26.8
302475.3348662877,4123843.4203278543,27.79
302475.454570864,4123843.654940747,26.94
302475.5736603945,4123843.888919592,28.68
302475.692210942,4123844.1222603023,26.84
302475.8104665998,4123844.3552132403,27.16
302475.9286070104,4123844.5878957175,26.31
302476.04679880466,4123844.8204271584,26.72
302476.1652382047,4123845.053006487,27.01
302476.2840747169,4123845.285754655,26.1
302476.4034916137,4123845.5188754383,27.0
302476.52365590184,4123845.7525917636,26.8
302476.6447063758,4123845.987097789,26.67
302476.76673934306,4123846.2225673753,26.24
302476.88981893583,4123846.459115371,26.74
302477.01395871834,4123846.696827555,26.48
302477.1391256572,4123846.9357289653,26.69
302477.26525269897,4123847.175794191,27.25
302477.39223614626,4123847.4169446407,26.69
302477.51996092417,4123847.6590664433,26.52
302477.6482769914,4123847.9019961464,26.63
302477.7770315425,4123848.1455543805,26.24
302477.90608702693,4123848.389543877,27.98
302478.035314065,4123848.633767752,30.37
302478.1646991095,4123848.878150364,34.81
302478.29422177334,4123849.1225299416,39.44
302478.42388552404,4123849.366785682,42.68
302478.5537595517,4123849.6107806913,47.76
302478.68394931237,4123849.854366345,53.42
302478.8146071049,4123850.097395922,56.23
302478.94594038004,4123850.339725211,59.4
302479.0782154798,4123850.5811426626,62.56
302479.21173666185,4123850.8214034126,64.41
302479.3469160079,4123851.06029215,60.01
302479.4841405916,4123851.2974364646,60.65
302479.6238982974,4123851.532439324,61.69
302479.7667007295,4123851.764836075,64.02
302479.91308675334,4123851.9940936305,69.8
302480.06354796566,4123852.2195828557,71.61
302480.21863723604,4123852.4407420945,73.43
302480.37887488626,4123852.656994188,75.25
302480.5446175348,4123852.8677052436,77.4
302480.71620902955,4123853.072290948,79.05
302480.8939008788,4123853.270159681,80.44
302481.0778240025,4123853.4607624006,82.37
302481.2679973059,4123853.6435925807,83.9
302481.46433064196,4123853.8182252184,85.39
302481.6666161507,4123853.9842591723,87.78
302481.8746003619,4123854.1414395496,89.91
302482.08789081924,4123854.2895027343,93.55
302482.3060509168,4123854.428256884,96.36
302482.52859387355,4123854.5575979087,99.05
302482.7550095238,4123854.6774648586,102.38
302482.9847720143,4123854.7878488633,103.98
302483.21734652825,4123854.8887276896,107.23
302483.45223983127,4123854.9800968645,109.38
302483.6889824274,4123855.0619363002,112.49
302483.9271599651,4123855.134239765,112.16
302484.16642268054,4123855.1969940346,110.21
302484.4064993992,4123855.2502046903,107.52
302484.6471857346,4123855.2938338714,108.35
302484.8883346644,4123855.3278470505,110.83
302485.12986348005,4123855.3522361745,112.69
302485.37167566456,4123855.366891733,118.83
302485.61380667874,4123855.3718975373,119.57
302485.8563484082,4123855.36731138,119.73
302486.09939245915,4123855.353291103,115.61
302486.34303432214,4123855.3299994045,114.81
302486.58736933017,4123855.29764545,114.46
302486.8324626984,4123855.2564825923,114.56
302487.0783275555,4123855.2068151957,116.84
302487.32495881553,4123855.1490307827,115.36
302487.5722557175,4123855.0834967587,116.11
302487.82017223374,4123855.0107400375,115.53
302488.0685508769,4123854.9312786604,115.25
302488.3171971935,4123854.8456571987,118.15
302488.5659207555,4123854.7544708094,116.06
302488.81450986787,4123854.6582688647,116.54
302489.06275290623,4123854.55762825,117.26
302489.31043554656,4123854.4531033137,116.37
302489.5574182252,4123854.345226146,118.61
302489.8035131962,4123854.234489033,117.67
302490.04857607424,4123854.121346399,117.05
302490.2925183027,4123854.0061765197,119.19
302490.53529894573,4123853.8893125923,119.93
302490.7769514125,4123853.771020073,120.06
302491.01756323094,4123853.6515208287,119.8
302491.2572759767,4123853.5309638903,118.81
302491.49628876505,4123853.409432397,119.09
302491.7348335847,4123853.2869677763,116.62
302491.97317540017,4123853.1635327763,117.21
302492.21156844543,4123853.039079506,117.03
302492.4502720668,4123852.9135020175,117.48
302492.68951779406,4123852.786728678,116.24
302492.92946207,4123852.658683344,116.31
302493.17022479407,4123852.529306587,117.29
302493.4118737878,4123852.3985708505,116.24
302493.65440475853,4123852.2664817614,116.53
302493.89775080455,4123852.1331112515,115.71
302494.1418161565,4123851.9985828963,116.17
302494.3864586098,4123851.86306035,118.61
302494.6315252975,4123851.7267248444,118.26
302494.8768592482,4123851.589812013,117.81
302495.1222936925,4123851.4525049757,117.41
302495.3676492755,4123851.3150412757,116.62
302495.6127832756,4123851.177573721,117.24
302495.8575924519,4123851.0402781274,117.59
302496.10198772023,4123850.9033123893,117.69
302496.34591039375,4123850.766792027,117.2
302496.5893360408,4123850.6308137705,115.8
302496.8322240791,4123850.495398605,118.14
302497.0745712452,4123850.3605462043,119.5
302497.3163801209,4123850.2262400044,118.63
302497.557654612,4123850.0924393213,118.11
302497.7984141842,4123849.9590981444,116.99
302498.0386395102,4123849.8261369597,118.38
302498.2783743642,4123849.693502183,115.87
302498.517668076,4123849.5610680482,117.42
302498.75659987354,4123849.428737805,117.06
302498.9952905955,4123849.296406476,117.59
302499.23385047744,4123849.1639474696,118.73
302499.47242581606,4123849.031238867,18.74
302499.71115987084,4123848.898198971,118.04
302499.9502181202,4123848.764713417,118.61
302500.1897627211,4123848.6306825676,118.07
302500.42992682854,4123848.4960239585,117.59
302500.6708481504,4123848.3606559215,117.46
302500.91263797536,4123848.224527378,118.11
302501.1553798486,4123848.0875816895,118.48
302501.3991021028,4123847.9498334243,117.62
302501.6438103534,4123847.811273409,118.35
302501.8894511214,4123847.671953914,118.53
302502.13594108756,4123847.531924565,118.1
302502.38315980864,4123847.3912537917,119.65
302502.63096126216,4123847.2500564316,117.8
302502.8791683772,4123847.108419413,118.74
302503.1275863729,4123846.966473214,117.8
302503.37601617054,4123846.824324931,117.81
302503.62422645174,4123846.6821217486,118.62
302503.8720093021,4123846.540005093,117.98
302504.11928560893,4123846.3980088267,118.99
302504.36578017875,4123846.2562932274,118.56
302504.611344173,4123846.1149414578,119.28
302504.8558713204,4123845.9740191516,118.1
302505.0992966464,4123845.833579789,117.44
302505.34159109445,4123845.6936222883,119.02
302505.58278839494,4123845.554130506,118.48
302505.8229402732,4123845.4150813087,117.7
302506.0621476962,4123845.276411488,118.32
302506.3005601547,4123845.1380593744,118.34
302506.5383040876,4123844.9999686675,118.97
302506.7755304619,4123844.862049613,118.58
302507.01239447924,4123844.7242304124,118.32
302507.24903253093,4123844.5864325203,119.11
302507.48558968765,4123844.4486068035,118.1
302507.72215782164,4123844.3106827014,118.74
302507.95879919926,4123844.172665433,117.99
302508.19555481174,4123844.034541349,118.13
302508.432467258,4123843.8963176836,117.17
302508.6695479924,4123843.7579923375,118.11
302508.9068109344,4123843.6195775843,117.45
302509.1442601655,4123843.4810688165,117.72
302509.38191206224,4123843.3424770925,118.75
302509.61975017405,4123843.2038332867,117.84
302509.8577898256,4123843.0651425123,117.53
302510.09603382304,4123842.926424101,118.06
302510.33450434275,4123842.7876949734,117.71
302510.5732408989,4123842.648951813,118.48
302510.81231887615,4123842.510173158,118.67
302511.0518471361,4123842.371318977,118.94
302511.29193510045,4123842.2323594135,118.18
302511.53290435823,4123842.093120328,117.78
302511.7748292527,4123841.9535991577,116.3
302512.0179044283,4123841.8136440543,118.81
302512.26235274243,4123841.6731532253,118.01
302512.508394641,4123841.5319938865,117.39
302512.7562677454,4123841.3900350756,115.98
302513.00619401946,4123841.2471392215,115.14
302513.2583541167,4123841.103186763,115.25
302513.51280398417,4123840.958130679,116.03
302513.76976320695,4123840.8118438823,115.08
302514.02924269205,4123840.6643198836,114.98
302514.2911978504,4123840.515599455,113.13
302514.5555105882,4123840.365766617,113.59
302514.82198823395,4123840.2149908068,114.58
302515.0903889301,4123840.063461854,113.16
302515.36042402213,4123839.911400902,113.99
302515.6317594228,4123839.7590893954,114.12
302515.9040488229,4123839.606817538,114.35
302516.17693822185,4123839.45489166,114.79
302516.4500696123,4123839.3036123267,114.63
302516.72311492724,4123839.1532688304,114.38
302516.99578459916,4123839.004111144,115.4
302517.2678191036,4123838.8563347477,117.47
302517.53902205295,4123838.7101416397,115.52
302517.8092595376,4123838.5656211753,115.61
302518.07844261045,4123838.4228201923,116.0
302518.3465189207,4123838.281730456,117.05
302518.61349158233,4123838.1423173794,116.04
302518.8793643985,4123838.0044852053,116.04
302519.1441659541,4123837.8681182964,115.74
302519.40789941885,4123837.7330676517,116.93
302519.6707456427,4123837.599092631,115.62
302519.93262125127,4123837.4660675144,116.46
302520.19352065295,4123837.3338333988,117.05
302520.45341742097,4123837.202234013,116.9
302520.7122744693,4123837.0711340173,117.41
302520.97005725774,4123836.9403945534,117.97
302521.22670383303,4123836.8099236167,117.51
302521.4822124021,4123836.679602805,117.09
302521.73645410774,4123836.549412633,118.13
302521.9896126231,4123836.419172498,117.6
302522.2417468541,4123836.288831866,117.36
302522.49294028163,4123836.158289138,117.69
302522.74330206064,4123836.027439326,120.38
302522.99296919315,4123835.896216972,118.67
302523.242097413,4123835.76455293,117.08
302523.4908490947,4123835.63235823,117.76
302523.7393829548,4123835.499572647,118.21
302523.9878656964,4123835.3661159007,117.59
302524.2364579104,4123835.2319148984,118.24
302524.4853030673,4123835.0968974098,118.65
302524.7345446116,4123834.9610257884,117.58
302524.9843319415,4123834.8242036086,119.85
302525.234780688,4123834.6863862774,118.89
302525.4859997993,4123834.5475588255,117.49
302525.73808860505,4123834.4076591474,118.49
302525.9911230066,4123834.2666823235,118.09
302526.24517858087,4123834.124599277,118.95
302526.500280681,4123833.9814230218,119.47
302526.75641715515,4123833.837193805,119.19
302527.01353315864,4123833.6919688527,120.18
302527.2715248587,4123833.5458466588,120.39
302527.5302442498,4123833.398919591,119.46
302527.7894852419,4123833.2513401485,118.37
302528.04901183955,4123833.103258454,119.31
302528.30854878423,4123832.9548609904,118.38
302528.5677851054,4123832.8063211106,118.05
302528.8264561591,4123832.657836008,115.09
302529.08428414556,4123832.5095877396,114.38
302529.3410230567,4123832.361737548,115.83
302529.5963439122,4123832.2144868528,115.32
302529.8501992804,4123832.067909998,115.34
302530.102451267,4123831.922133932,115.27
302530.3529989406,4123831.777257767,117.23
302530.6018147538,4123831.6333857197,116.12
302530.84890577063,4123831.490604938,116.06
302531.0943480546,4123831.348957955,117.49
302531.3382509434,4123831.208501616,117.1
302531.5807681099,4123831.069266456,118.33
302531.82209435484,4123830.931264591,116.68
302532.0624247777,4123830.794479722,118.14
302532.3019915549,4123830.658876667,118.68
302532.54104487086,4123830.524422787,116.19
302532.77981023473,4123830.390980742,117.9
302533.0185200282,4123830.258424997,118.05
302533.2573629638,4123830.1266271537,118.86
302533.49650991394,4123829.9954255125,117.74
302533.736181958,4123829.86457402,119.42
302533.9764859219,4123829.733896258,119.69
302534.2174652848,4123829.6032031532,120.2
302534.45912476745,4123829.4723272487,119.48
302534.70141863707,4123829.3411597037,117.55
302534.9442960715,4123829.2095280327,120.18
302535.18767707446,4123829.077341016,117.74
302535.43147599295,4123828.944517137,119.91
302535.67562637466,4123828.8109892933,117.85
302535.92004855943,4123828.676712996,118.92
302536.1647010456,4123828.5416735495,116.26
302536.40957512107,4123828.4058337635,116.48
302536.65471204673,4123828.2691701693,117.9
302536.90021247574,4123828.131632426,118.07
302537.14619837695,4123827.9932031007,116.01
302537.39285520546,4123827.8538357955,115.57
302537.6403740616,4123827.7134954743,116.65
302537.88896211167,4123827.572154652,116.84
302538.13872024376,4123827.4298415487,117.47
302538.3897722152,4123827.286580616,116.31
302538.6422352467,4123827.1424053404,118.15
302538.89619273576,4123826.9974153102,116.12
302539.1516616843,4123826.8516976433,116.08
302539.4086088339,4123826.7053889097,116.06
302539.6669077037,4123826.558621514,120.04
302539.92642026383,4123826.411598315,117.48
302540.186906539,4123826.2645002627,117.23
302540.4480804326,4123826.1175403222,118.27
302540.70962103485,4123825.970958585,117.24
302540.9711507769,4123825.8249664223,117.43
302541.2323930426,4123825.6797280675,116.77
302541.4929747559,4123825.5354172857,116.8
302541.7525339775,4123825.3922032765,117.83
302542.0107414399,4123825.2502205945,117.22
302542.26733753306,4123825.1095165773,117.46
302542.5221148898,4123824.9701700783,115.82
302542.77495509357,4123824.832174937,114.39
302543.02583762404,4123824.695461789,114.82
302543.274849537,4123824.5599134383,115.29
302543.52212400414,4123824.4253905187,117.22
302543.76803232107,4123824.2916411017,116.29
302544.01290136756,4123824.1584532117,117.72
302544.2571950468,4123824.0255553625,116.92
302544.50139717275,4123823.8926768526,116.71
302544.7459768504,4123823.7595927035,116.94
302544.99149802554,4123823.6260025064,117.06
302545.23831901886,4123823.491766947,117.07
302545.48671714944,4123823.3567460994,117.85
302545.7369926364,4123823.22083014,116.53
302545.98924832296,4123823.083967188,116.99
302546.2435138745,4123822.9461761015,116.48
302546.4995566092,4123822.8075836245,117.38
302546.75709678757,4123822.668340311,116.68
302547.0157638328,4123822.5286202715,115.92
302547.27511626016,4123822.3886298654,117.75
302547.5346935313,4123822.2486014683,117.0
302547.79415127705,4123822.108674943,116.53
302548.053181135,4123821.968981474,117.71
302548.311436974,4123821.8296620115,117.13
302548.5685582677,4123821.690891736,117.3
302548.8243258456,4123821.5527462084,116.71
302549.0786337001,4123821.4152742554,117.04
302549.33143198834,4123821.2784680272,119.04
302549.58276143495,4123821.1423168783,119.56
302549.8326954413,4123821.0067386837,118.77
302550.081318495,4123820.8716923143,118.79
302550.3287386458,4123820.7371180207,118.13
302550.5750308327,4123820.6029454255,118.95
302550.8202541107,4123820.4691333906,118.89
302551.06446555833,4123820.335636491,117.46
302551.3077224439,4123820.202400305,117.86
302551.5500691855,4123820.0693857134,115.98
302551.79142694164,4123819.9365865076,117.17
302552.0317382016,4123819.804017451,117.51
302552.27096822095,4123819.6716602943,117.86
302552.50908107834,4123819.5395130133,117.64
302552.7460444421,4123819.40759853,117.62
302552.98183083814,4123819.2759227655,118.31
302553.2165676627,4123819.144465845,116.57
302553.4504315309,4123819.013134026,118.3
302553.68346109625,4123818.8819657606,116.54
302553.9157671685,4123818.7509317915,117.59
302554.14752505266,4123818.6200067997,117.16
302554.3789394365,4123818.489162335,115.84
302554.6101418589,4123818.3583767773,117.6
302554.8414184884,4123818.227566809,117.41
302555.07301857806,4123818.0966555458,118.33
302555.3050909337,4123817.965629518,118.12
302555.5378362565,4123817.8344329013,117.38
302555.7713802989,4123817.703028495,117.33
302556.0059507851,4123817.5713201533,117.93
302556.24180873425,4123817.4391774945,116.87
302556.4789458862,4123817.30661926,116.39
302556.71745765593,4123817.1735996753,115.0
302556.95742879214,4123817.04011191,109.24
302557.19883042376,4123816.9061875986,107.53
302557.4417365889,4123816.7718268614,105.35
302557.68618732487,4123816.637070719,101.91
302557.9322493053,4123816.501952458,100.48
302558.17987239594,4123816.366596827,99.9
302558.42897829815,4123816.2311975863,100.36
302558.67948139046,4123816.0960313054,97.47
302558.931272013,4123815.9614012274,97.39
302559.18417995673,4123815.827724304,94.46
302559.4380632741,4123815.695446622,93.32
302559.69270637096,4123815.565091731,92.75
302559.9478722291,4123815.437262536,90.05
302560.2033389705,4123815.3125350033,90.82
302560.458834636,4123815.1915619555,91.25
302560.71420684597,4123815.0749455513,90.14
302560.96935187775,4123814.963243403,88.2
302561.22428627947,4123814.856929645,87.68
302561.47902627854,4123814.756431654,86.9
302561.73366664816,4123814.6620802106,86.07
302561.98837065144,4123814.574082089,86.98
302562.24339040933,4123814.492561517,84.18
302562.4990115077,4123814.417520497,85.16
302562.7554149142,4123814.3489229404,82.77
302563.0128620215,4123814.286638996,81.76
302563.2718048041,4123814.230347797,79.52
302563.53238434886,4123814.1798448744,76.82
302563.7946248724,4123814.134910144,72.48
302564.058512558,4123814.095274536,74.32
302564.323934618,4123814.0607339274,74.29
302564.59070072026,4123814.0310826683,74.31
302564.8585402648,4123814.0061868695,73.27
302565.1271285135,4123813.9859540868,68.92
302565.39617556904,4123813.9703273545,68.22
302565.6653991308,4123813.959302265,67.92
302565.9345420091,4123813.9529125015,68.93
302566.20328804076,4123813.9512877124,67.64
302566.47164426657,4123813.9544265615,67.6
302566.73949127056,4123813.9624786964,65.19
302567.00676436746,4123813.9755553706,61.69
302567.27347708243,4123813.99381192,59.54
302567.53966485965,4123814.0173862693,57.43
302567.80537586333,4123814.0464282306,53.97
302568.07065625145,4123814.081076333,50.55
302568.3355564116,4123814.121446796,50.42
302568.60004959593,4123814.1676596827,47.01
302568.86411115946,4123814.2198368926,42.9
302569.1276875471,4123814.2781371023,41.29
302569.390722435,4123814.342712923,38.42
302569.6531102282,4123814.4137532236,35.68
302569.9147732592,4123814.491485001,32.98
302570.17561073985,4123814.5761341024,31.94
302570.43546882557,4123814.668005939,30.22
302570.6941780438,4123814.767366583,33.48
302570.9514105991,4123814.874517336,31.62
302571.20706666505,4123814.989655961,34.69
302571.4607583125,4123815.1130295545,36.79
302571.7120750452,4123815.2448010296,32.06
302571.960581567,4123815.3850454227,31.1
302572.2058034624,4123815.5337855937,28.82
302572.4472213478,4123815.690873381,27.84
302572.68432593095,4123815.8560829028,29.35
302572.9166333419,4123816.029024429,30.05
302573.1436615251,4123816.2092263233,31.9
302573.36499061564,4123816.396119172,30.14
302573.580321207,4123816.5890482385,30.53
302573.7894747545,4123816.7873273455,29.89
302573.99234126176,4123816.990270272,31.6
302574.18894237274,4123817.1971703223,31.35
302574.3794108502,4123817.407351853,30.87
302574.563981127,4123817.6201740205,30.5
302574.74299504736,4123817.8350484087,30.98
302574.9168171717,4123818.0514846165,31.68
302575.0858721177,4123818.269100353,30.98
302575.2506362707,4123818.487596536,30.61
302575.411617719,4123818.706740295,32.08
302575.56929897144,4123818.9263980924,31.26
302575.72416938585,4123819.1464755414,30.41
302575.87670329044,4123819.366939037,30.6
302576.0273422539,4123819.5878180633,30.62
302576.17647714063,4123819.8091606377,29.49
302576.3244950405,4123820.031041354,29.0
302576.47173741437,4123820.253588478,26.95
302576.61851715535,4123820.4769595643,27.41
302576.76515232126,4123820.701309327,28.3
302576.91187717626,4123820.926807832,27.42
302577.05890594155,4123821.153650431,27.56
302577.206442793,4123821.382026786,30.09
302577.35461535846,4123821.6121520884,27.51
302577.50352128467,4123821.8441932346,27.86
302577.653220003,4123822.0783230625,28.61
302577.80371762154,4123822.314649718,28.33
302577.95497898245,4123822.5532817645,28.16
302578.10702409106,4123822.7942074314,28.6
302578.25958282856,4123823.037457413,28.39
302578.4126345797,4123823.282915792,28.86
302578.5660510623,4123823.5304228016,27.63
302578.7196589014,4123823.7797740335,28.5
302578.8732874498,4123824.0306981266,28.79
302579.0267443395,4123824.282915218,27.42
302579.1798366956,4123824.536113934,24.64
302579.33247004764,4123824.7900845553,24.79
302579.4845009459,4123825.044539953,25.38
302579.63582080137,4123825.299157195,27.04
302579.78631418187,4123825.5536956773,25.39
302579.93587677786,4123825.8078856515,24.52
302580.0844163307,4123826.0615292583,24.03
302580.2318977689,4123826.314493814,24.4
302580.37826398166,4123826.5666408497,26.96
302580.52352280554,4123826.8179694046,28.21
302580.66761827416,4123827.0684404788,26.7
302580.8105551981,4123827.318097649,25.54
302580.9523683784,4123827.5670096744,27.72
302581.0930812475,4123827.815286828,27.97
302581.23282226326,4123828.0631938307,27.16
302581.37169854535,4123828.310910137,27.12
302581.50980264926,4123828.558641024,24.64
302581.6472400537,4123828.806579424,24.43
302581.7841470028,4123829.0548817646,26.4
302581.9206105224,4123829.3035977893,25.99
302582.05672540795,4123829.5527759194,26.05
302582.1925832873,4123829.802411735,25.82
302582.32870573114,4123830.0524564926,25.24
302582.46434038447,4123830.3027026765,25.86
302582.5998869436,4123830.55309793,25.78
302582.7353409296,4123830.803484441,25.0
302582.8706678151,4123831.053666629,25.24
302583.00584578654,4123831.3034345713,24.94
302583.1407926227,4123831.552585408,25.55
302583.27539442724,4123831.8009030195,24.85
302583.40956120874,4123832.0481572244,29.54
302583.5430963291,4123832.294120746,25.85
302583.6758254255,4123832.538574012,25.63
302583.80753841245,4123832.78127107,26.53
302583.93802765495,4123833.021989943,28.68
302584.0670861891,4123833.260546777,28.05
302584.1945222591,4123833.4968101475,26.89
302584.3201886176,4123833.730681551,26.91
302584.4440174029,4123833.9621544206,27.15
302584.56598668185,4123834.1912917737,27.43
302584.68610804743,4123834.4181850143,27.22
302584.80454677774,4123834.643107835,27.14
302584.9215320643,4123834.86641798,26.15
302585.03736104065,4123835.0884771007,26.65
302585.1523837498,4123835.309718091,28.1
302585.2669510063,4123835.5305658677,27.03
302585.38141119474,4123835.7514077118,26.67
302585.49612786097,4123835.9726563715,26.81
302585.61139602336,4123836.194598552,28.42
302585.7275083616,4123836.417549291,27.24
302585.8446440218,4123836.641696012,25.98
302585.9629092434,4123836.867132029,26.86
302586.082359696,4123837.0938800904,27.59
302586.2029266756,4123837.321822656,27.76
302586.324566341,4123837.5509191533,26.76
302586.4471904853,4123837.7810719023,24.76
302586.57067320397,4123838.012152827,23.66
302586.6948477022,4123838.244006142,23.96
302586.81959274714,4123838.4765331103,24.39
302586.94473555876,4123838.7095581577,24.89
302587.0701027025,4123838.9429284646,22.13
302587.1952257589,4123839.1764906165,23.05
302587.32073006453,4123839.4101906056,22.58
302587.4459345551,4123839.6438101158,20.37
302587.57070705626,4123839.877264214,18.66
302587.69491458574,4123840.110498393,18.4
302587.8184258431,4123840.343419961,20.48
302587.9411078873,4123840.5761383916,14.89
302588.0627646019,4123840.8085104404,13.94
302588.18319779675,4123841.04054535,13.47
302588.3022964736,4123841.2722394457,16.31
302588.4198831136,4123841.503674759,15.38
302588.5357852584,4123841.734965704,11.76
302588.64981806494,4123841.9663158064,6.85
302588.7618325471,4123842.1979599237,4.16
302588.87168677687,4123842.4301861566,3.41
302588.97923016496,4123842.663344768,1.76
302589.08432805585,4123842.897801362,1.9
302589.1868431395,4123843.1339953616,359.8
302589.2866584532,4123843.372348808,2.27
302589.3836263718,4123843.6133255293,1.5
302589.4776145895,4123843.857387678,2.75
302589.56845919095,4123844.1049679625,2.66
302589.6559566058,4123844.3564681294,357.95
302589.73992811935,4123844.612227465,357.22
302589.82018896076,4123844.872499237,359.42
302589.8965413059,4123845.137455813,0.2
302589.9687932047,4123845.407155881,0.39
302590.0367539619,4123845.6815437665,355.36
302590.10027438053,4123845.960429904,353.62
302590.15923487593,4123846.243518639,353.35
302590.2135830554,4123846.5303890076,355.27
302590.2632853053,4123846.820501593,354.61
302590.3083572161,4123847.113175379,352.76
302590.34884916106,4123847.4076575967,348.95
302590.38483600406,4123847.7031285698,345.88
302590.4163758714,4123847.99885864,341.97
302590.44360119704,4123848.2940127915,343.41
302590.46662547323,4123848.5877758055,343.15
302590.4855770582,4123848.8794331145,343.91
302590.50050908554,4123849.168325229,339.87
302590.51145045133,4123849.453988108,336.93
302590.5184604905,4123849.735936014,340.05
302590.52151430974,4123850.0139433206,340.57
302590.5205486658,4123850.28793428,341.21
302590.515470116,4123850.5579827456,341.46
302590.5061641765,4123850.8241503555,342.02
302590.49252369086,4123851.086870798,338.14
302590.4744068295,4123851.3464918123,335.48
302590.45164800365,4123851.603456812,333.36
302590.42414985487,4123851.8582204403,333.44
302590.3918556018,4123852.1112555205,333.07
302590.3547328954,4123852.362992225,332.97
302590.3127731659,4123852.613849399,332.48
302590.2659145752,4123852.8643428385,329.93
302590.21425354976,4123853.1146662664,326.89
302590.1578825574,4123853.365042128,327.07
302590.0968967556,4123853.615562553,324.86
302590.03141331114,4123853.8662580852,325.55
302589.96155675093,4123854.117057234,323.83
302589.887443104,4123854.367837461,325.37
302589.8091844237,4123854.61845147,326.62
302589.7268791904,4123854.868699635,326.63
302589.6405614944,4123855.118397985,325.94
302589.55021668406,4123855.367344823,322.05
302589.45584306587,4123855.615337456,319.96
302589.3574381605,4123855.8622104805,320.22
302589.2550323644,4123856.1078257947,322.26
302589.1485933002,4123856.352077881,320.36
302589.0380685068,4123856.5948498975,314.3
302588.9234314849,4123856.8360804883,312.69
302588.8047085767,4123857.0757367606,315.33
302588.68189543317,4123857.313836765,313.88
302588.55501018855,4123857.550398242,313.01
302588.42406179995,4123857.785458451,311.45
302588.2890632799,4123858.0189535553,306.89
302588.1499803816,4123858.2509680074,305.6
302588.0067893232,4123858.481539135,303.49
302587.85944384825,4123858.71067459,302.61
302587.7079326039,4123858.9383898773,302.76
302587.55220707075,4123859.164563446,300.05
302587.3921711593,4123859.38916001,298.26
302587.2277914559,4123859.6119535514,296.42
302587.05905476975,4123859.8327067294,298.44
302586.8858508905,4123860.0512280604,300.93
302586.7081739735,4123860.267225571,302.23
302586.52606389124,4123860.480366928,300.81
302586.3395570711,4123860.6903395364,301.6
302586.14872857655,4123860.896794182,301.55
302585.9536326283,4123861.099403927,297.49
302585.75445242017,4123861.297824361,294.39
302585.551318362,4123861.491821591,295.56
302585.3443913719,4123861.6812309963,297.33
302585.13389789715,4123861.865847031,297.82
302584.9199619169,4123862.04579659,297.61
302584.70263490063,4123862.2211977183,297.2
302584.4820860839,4123862.3922139714,297.38
302584.25846019236,4123862.5590711157,297.07
302584.031918966,4123862.7220487464,297.13
302583.8026199145,4123862.881458769,297.51
302583.5707017541,4123863.037629086,297.34
302583.3364437916,4123863.190849989,298.3
302583.1000554531,4123863.3414117103,297.87
302582.8617703326,4123863.48961796,299.13
302582.62179479736,4123863.6357316063,298.94
302582.3803295605,4123863.7799660675,298.74
302582.1375753911,4123863.922500465,298.75
302581.8937630273,4123864.063490852,298.43
302581.6491133929,4123864.2030944284,298.44
302581.4038095571,4123864.341416083,298.69
302581.15801373794,4123864.4785482283,298.44
302580.91193050676,4123864.614606771,300.6
302580.6657355315,4123864.749675459,299.22
302580.4196210666,4123864.883847544,298.76
302580.1738040415,4123865.0172208436,299.12
302579.9284879103,4123865.1498466344,298.47
302579.6838915492,4123865.2817893806,299.18
302579.4402598765,4123865.4130569976,298.79
302579.1978313231,4123865.5436592186,299.5
302578.95685302035,4123865.673574839,296.04
302578.7175519935,4123865.8027838855,296.26
302578.4801228018,4123865.9312602915,296.47
302578.24471327633,4123866.0589584964,297.34
302578.01149742526,4123866.1857946664,296.98
302577.78046603163,4123866.3117791275,296.5
302577.5515786577,4123866.436940168,296.65
302577.3247461188,4123866.5612776964,296.16
302577.0998297689,4123866.6848261333,296.34
302576.87666626024,4123866.8076247214,296.07
302576.65497592144,4123866.929752851,295.85
302576.434546881,4123867.051216808,295.72
302576.2151432259,4123867.172040665,296.85
302575.9965184847,4123867.2922871583,299.12
302575.77840992634,4123867.411982521,297.45
302575.56065870053,4123867.5311287926,296.79
302575.3430034859,4123867.6497910973,297.67
302575.1252176852,4123867.7680483474,300.36
302574.90710991854,4123867.8859709473,301.25
302574.688508288,4123868.0036111497,300.22
302574.4692901115,4123868.1210391168,298.84
302574.2492786753,4123868.238376936,299.47
302574.0284270689,4123868.3557062154,298.84
302573.80669822753,4123868.473118229,299.05
302573.58408122,4123868.5907198894,298.78
302573.36058989476,4123868.708625128,298.79
302573.13626284926,4123868.8269448453,299.16
302572.9111794747,4123868.945763426,298.38
302572.6854446297,4123869.0651568696,298.35
302572.45916646905,4123869.185165879,295.63
302572.232480451,4123869.305838982,296.75
302572.00552117114,4123869.427168885,296.42
302571.7784265322,4123869.549158453,297.0
302571.5513007724,4123869.671774187,296.27
302571.3242285252,4123869.794974745,296.63
302571.09728561784,4123869.918682235,295.72
302570.87141890737,4123870.04272127,296.39
302570.6455595605,4123870.166999098,297.04
302570.42018505355,4123870.2914556437,300.62
302570.1953621114,4123870.415959558,298.56
302569.9711649363,4123870.5403608894,297.97
302569.7476808059,4123870.664515461,298.47
302569.5249964197,4123870.7882774323,297.72
302569.3032253987,4123870.9115036023,297.07
302569.0824936398,4123871.0340696583,298.08
302568.862896861,4123871.1558590154,298.12
302568.64452087134,4123871.276783969,297.43
302568.4274270098,4123871.396771694,296.81
302568.2116074667,4123871.515813527,297.68
302567.9970097163,4123871.6339204707,297.78
302567.7835211907,4123871.7511358303,296.65
302567.57084039494,4123871.8676211108,297.42
302567.3586981686,4123871.983511339,298.93
302567.1467635013,4123872.099018257,299.22
302566.9347695432,4123872.214282906,298.07
302566.7223570453,4123872.329506713,296.49
302566.50919052836,4123872.444890353,296.98
302566.2949724926,4123872.5606286647,297.64
302566.07945074537,4123872.6769145704,297.2
302565.862456545,4123872.7938969173,298.23
302565.6438441054,4123872.911686823,297.81
302565.42354809353,4123873.030373853,297.57
302565.2015543935,4123873.1500124168,297.96
302564.97790592257,4123873.270610802,297.05
302564.7526862853,4123873.392169879,299.28
302564.52601046197,4123873.5146329356,297.17
302564.2980191441,4123873.637953489,298.23
302564.0689009577,4123873.7620293377,298.31
302563.838865408,4123873.8867553496,297.91
302563.60813172767,4123874.011989463,297.93
302563.3768311692,4123874.1376515822,298.09
302563.14526301075,4123874.263547356,296.19
302562.9135550265,4123874.3895175406,289.31
302562.68188614014,4123874.51540229,285.71
302562.4503729989,4123874.641055035,284.49
302562.2186309202,4123874.7663609115,285.48
302561.9879235733,4123874.8911275244,284.06
302561.7576436028,4123875.015153203,284.07
302561.52774048666,4123875.138339152,284.17
302561.29807124997,4123875.2605406987,282.49
302561.06844257476,4123875.381557938,276.38
302560.83863445395,4123875.5012158817,275.87
302560.60837164405,4123875.6193028446,275.62
302560.37734402914,4123875.7355373795,272.1
302560.14524624014,4123875.8496573265,272.68
302559.91174315306,4123875.9613552503,272.81
302559.67650654004,4123876.070295538,272.24
302559.43925662694,4123876.1760656065,267.99
302559.19972561597,4123876.278308164,269.09
302558.9576953613,4123876.3766403846,269.54
302558.71307087224,4123876.4706210378,267.11
302558.465702793,4123876.5599105624,265.37
302558.2155191767,4123876.644183279,262.39
302557.9624238391,4123876.7232154403,262.46
302557.70647843607,4123876.7967636473,261.84
302557.44777632516,4123876.864608296,257.85
302557.18627012114,4123876.9265797334,257.48
302556.9222354091,4123876.9825957958,257.08
302556.6558767697,4123877.0325850765,254.76
302556.3874621122,4123877.076519403,254.42
302556.1172879664,4123877.1143578403,250.12
302555.84566207125,4123877.146113118,250.54
302555.5728945825,4123877.171789804,248.75
302555.2992658836,4123877.1913760775,247.96
302555.02504342236,4123877.2048473055,242.62
302554.750451503,4123877.2121721753,241.07
302554.4756612512,4123877.2132997075,239.43
302554.2008093175,4123877.2082026904,241.17
302553.92598564556,4123877.196811569,241.37
302553.6512990732,4123877.1790174507,239.22
302553.3766871794,4123877.154819345,240.54
302553.10227082117,4123877.1241414235,237.86
302552.82810451224,4123877.0869324943,234.03
302552.55427692295,4123877.043214969,236.45
302552.28083702683,4123876.993037632,238.19
302552.0080223082,4123876.9364495203,237.95
302551.7360968055,4123876.8735394683,237.75
302551.4653620964,4123876.8043941143,234.27
302551.1961147535,4123876.729164465,234.02
302550.92861215904,4123876.648047452,234.94
302550.6630980394,4123876.5611670315,230.98
302550.39975544444,4123876.46868994,227.89
302550.13869622623,4123876.3708126675,226.73
302549.8799373822,4123876.267700093,229.42
302549.6234863396,4123876.1594980657,226.73
302549.36929152964,4123876.0463404963,222.87
302549.1172554007,4123875.928347994,218.66
302548.8671768437,4123875.805436764,213.67
302548.61904197803,4123875.6777547207,209.41
302548.372775512,4123875.545327291,206.25
302548.12836634845,4123875.408136017,203.07
302547.8858591015,4123875.266127562,201.2
302547.6453358449,4123875.1192264426,204.98
302547.40696544654,4123874.967328725,208.04
302547.17099344387,4123874.8103242917,208.96
302546.9378645139,4123874.6480850065,208.2
302546.7077094299,4123874.480321043,208.23
302546.48100838385,4123874.306961515,201.8
302546.258116778,4123874.127791155,205.93
302546.0394659711,4123873.9427442313,206.24
302545.825488572,4123873.7517612455,206.41
302545.6165748315,4123873.554915412,207.85
302545.4131024968,4123873.352344532,208.08
302545.21537936234,4123873.144300547,207.12
302545.0235730582,4123872.931019458,210.07
302544.83781680325,4123872.7128979955,208.69
302544.6581312043,4123872.4903562195,207.83
302544.48441546416,4123872.2638903568,209.01
302544.3164674414,4123872.0340091554,208.72
302544.1539920656,4123871.80127023,208.99
302543.9965574237,4123871.56617941,207.83
302543.8436437861,4123871.3292035596,208.97
302543.6947007146,4123871.0907072006,208.97
302543.54914370744,4123870.8510346957,207.69
302543.4063809629,4123870.61050652,208.62
302543.26584285847,4123870.3693726137,208.94
302543.12699939887,4123870.1278601354,208.84
302542.98937314213,4123869.8860807624,208.21
302542.8525484899,4123869.6441161335,208.09
302542.71613376593,4123869.402026283,208.44
302542.57982139185,4123869.159795692,208.62
302542.4434293621,4123868.917467518,208.87
302542.30677220825,4123868.6749316845,208.48
302542.1696572505,4123868.432064359,208.8
302542.031939511,4123868.188685881,207.54
302541.89350010525,4123867.944615402,207.93
302541.7542982971,4123867.6997292712,207.95
302541.6141485348,4123867.4536807877,207.55
302541.4729940317,4123867.2062613084,207.51
302541.3307792851,4123866.957301781,209.63
302541.18748749665,4123866.70664438,207.93
302541.04314166476,4123866.4541711104,207.03
302540.8977550979,4123866.1998361736,208.07
302540.7513647336,4123865.9436675506,208.94
302540.6040344478,4123865.685755449,208.47
302540.4558931644,4123865.4257642427,208.61
302540.3070690117,4123865.164803022,208.64
302540.15773356805,4123864.902731948,208.03
302540.00804649014,4123864.639826936,208.22
302539.8581359453,4123864.376299836,208.22
302539.7081978352,4123864.1124479687,207.24
302539.55847881647,4123863.848731762,208.09
302539.4091973291,4123863.58555157,208.05
302539.2606215722,4123863.323352866,207.94
302539.11294586974,4123863.062519263,207.7
302538.9663670879,4123862.8034457997,208.16
302538.82108300185,4123862.5465194546,208.75
302538.6772657512,4123862.292100495,20.0
302538.53502714005,4123862.040443236,207.45
302538.39446830336,4123861.791801031,207.6
302538.2556349835,4123861.546320952,207.53
302538.11852712365,4123861.304070251,207.31
302537.983086559,4123861.065010984,207.81
302537.8492156603,4123860.828988983,207.9
302537.7167865369,4123860.595793482,207.78
302537.5856365846,4123860.3651359743,208.37
302537.4556089212,4123860.1366986413,208.37
302537.32653368474,4123859.910095234,207.2
302537.1982259028,4123859.68492808,208.22
302537.07050747535,4123859.460782432,207.63
302536.9431574834,4123859.2371755727,207.49
302536.81604099297,4123859.0137888785,208.04
302536.68902896444,4123858.7903120196,208.32
302536.56199035264,4123858.566466091,207.67
302536.43480636453,4123858.3419769485,207.45
302536.3073541774,4123858.116613436,208.01
302536.1794347303,4123857.890019847,208.11
302536.0509989991,4123857.6621114006,207.79
302535.92195716384,4123857.432728978,207.65
302535.7922316935,4123857.2017875426,207.47
302535.6617760362,4123856.9692192087,207.42
302535.5305664,4123856.734991347,207.28
302535.39858554973,4123856.4991082945,208.05
302535.2658421228,4123856.2615859704,207.17
302535.13235899096,4123856.0228536977,208.36
302534.9980908718,4123855.7819695203,207.11
302534.8631459741,4123855.5396668753,207.55
302534.7275599165,4123855.295977878,207.19
302534.5914023023,4123855.05102757,300819.0
302534.45469668333,4123854.8048554617,207.44
302534.3174370044,4123854.557441607,207.47
302534.17968480586,4123854.3088970925,207.44
302534.04151353065,4123854.059363027,207.13
302533.9030084716,4123853.8090013345,207.72
302533.7642819798,4123853.55802381,208.11
302533.6254736245,4123853.306685907,206.91
302533.48673243035,4123853.0553043475,207.72
302533.3482370949,4123852.804212508,207.34
302533.21018244216,4123852.5537882242,208.19
302533.07276284124,4123852.3043957725,207.83
302532.9361684664,4123852.0564003927,207.58
302532.8004991116,4123851.810016743,208.57
302532.66592847864,4123851.565566753,207.51
302532.5325375745,4123851.323218069,207.32
302532.4003877427,4123851.083088958,207.58
302532.26949502656,4123850.8452174193,207.31
302532.1398353389,4123850.6095775655,207.55
302532.0113628873,4123850.3760867184,208.36
302531.8840077669,4123850.144603948,207.26
302531.75758262735,4123849.914828172,209.25
302531.63201035064,4123849.6865944387,208.39
302531.5071352635,4123849.4596341797,208.61
302531.38278844947,4123849.233668724,209.55
302531.25882376276,4123849.00842227,207.66
302531.1350776277,4123848.783646193,209.64
302531.0114664219,4123848.559186373,208.18
302530.88778425916,4123848.334707875,208.11
302530.7638920486,4123848.1100077922,208.77
302530.63966525474,4123847.8849029196,209.21
302530.5149789812,4123847.659201825,208.2
302530.3897048731,4123847.432706337,206.89
302530.26372984546,4123847.2052435223,207.5
302530.1369372661,4123846.976635109,206.09
302530.0092325014,4123846.7467253394,206.51
302529.8805260223,4123846.5153822717,206.74
302529.7507498815,4123846.2824530834,207.1
302529.61985188053,4123846.0478101145,206.59
302529.48780488496,4123845.8113305857,205.93
302529.3545905726,4123845.572908741,206.58
302529.22020022233,4123845.332444187,207.69
302529.08465140464,4123845.0898598917,208.35
302528.94799049385,4123844.845090761,206.77
302528.81026379,4123844.598099334,207.45
302528.6715211683,4123844.348836037,207.33
302528.5318062949,4123844.0972803365,207.99
302528.3911746522,4123843.843411052,208.24
302528.2496916899,4123843.587265899,207.32
302528.1074023444,4123843.3288891218,208.21
302527.9643483514,4123843.06835941,208.86
302527.82055895834,4123842.8057644404,208.95
302527.6760975723,4123842.5412788047,209.64
302527.53091728047,4123842.274925467,208.95
302527.38501611754,4123842.006822807,207.93
302527.2383550935,4123841.737072482,208.94
302527.09089052083,4123841.465765422,208.33
302526.9425667479,4123841.192997398,209.56
302526.7933267982,4123840.918829367,208.79
302526.6431003264,4123840.643346733,208.95
302526.4919127723,4123840.3667229256,209.26
302526.33965956833,4123840.088947158,209.01
302526.1863535207,4123839.8101674803,300819.0
302526.03202945867,4123839.5305419983,208.94
302525.87674170727,4123839.250267961,208.69
302525.7206055759,4123838.9695641347,208.36
302525.5637506263,4123838.68872111,208.66
302525.4063557259,4123838.408010499,207.46
302525.24863453134,4123838.1277435427,205.81
302525.09079318953,4123837.848251157,207.9
302524.9330699046,4123837.5698453756,206.07
302524.7756908111,4123837.2928112354,206.05
302524.61887491384,4123837.0173887312,205.57
302524.46281254507,4123836.743784363,206.33
302524.3076806608,4123836.472109082,206.48
302524.1536203374,4123836.2024189075,205.8
302524.000739909,4123835.934703329,205.67
302523.84911412286,4123835.668911113,206.29
302523.6987914969,4123835.4049455523,207.56
302523.5498106246,4123835.1426503737,206.88
302523.40218447027,4123834.881839916,206.41
302523.2558851073,4123834.6223014924,207.0
302523.1108671756,4123834.363794405,205.61
302522.96706009103,4123834.106061133,206.41
302522.82437119423,4123833.848843548,206.35
302522.68268491246,4123833.5918792947,207.41
302522.5418685394,4123833.334921021,207.55
302522.40175763564,4123833.077718486,208.28
302522.2622034438,4123832.8200527863,208.06
302522.1230510551,4123832.5617553443,207.53
302521.98415253725,4123832.302710559,207.53
302521.84538118175,4123832.0428741057,207.39
302521.70662406477,4123831.7822729927,208.09
302521.56781536055,4123831.521013458,208.46
302521.42894179764,4123831.2592735626,207.97
302521.29001179384,4123830.9973092447,207.65
302521.1510743967,4123830.735419173,208.14
302521.012213845,4123830.4739637785,207.49
302520.8735311212,4123830.213291018,207.18
302520.7351507626,4123829.953771378,207.05
302520.5972112437,4123829.695792722,208.24
302520.45985775866,4123829.43968092,207.93
302520.3232115854,4123829.185718948,207.71
302520.18736621755,4123828.9341034116,207.68
302520.0523813087,4123828.6849450497,208.38
302519.91827577003,4123828.438229487,207.96
302519.7850215178,4123828.1938673374,207.15
302519.65254541935,4123827.9516749885,207.49
302519.5207213944,4123827.7113712146,210.74
302519.38941355067,4123827.472627649,210.1
302519.25846938463,4123827.2350606746,207.32
302519.12769367686,4123826.9982623304,207.57
302518.9969080784,4123826.7618333804,208.59
302518.86593378946,4123826.525399738,208.01
302518.7346111182,4123826.288625249,207.33
302518.602803066,4123826.0512424903,208.3
302518.47039577365,4123825.81302738,209.96
302518.33735067805,4123825.5738619682,207.89
302518.20362076914,4123825.3337081326,208.89
302518.0692323017,4123825.0926029403,207.71
302517.93424301426,4123824.850658661,207.83
302517.7987273272,4123824.6080377554,207.73
302517.6627929013,4123824.364913212,207.91
302517.52655284276,4123824.121500119,207.94
302517.3901198616,4123823.8779813927,208.21
302517.25302272267,4123823.634548863,208.44
302517.11635976855,4123823.3915366833,207.56
302516.9797523193,4123823.1489938614,208.36
302516.84325508244,4123822.907031941,208.66
302516.70690913236,4123822.665720135,208.09
302516.5707244382,4123822.425085996,208.11
302516.4346863581,4123822.1851026164,208.22
302516.29875213193,4123821.9456948205,208.29
302516.16286215495,4123821.7067407565,208.19
302516.02692588593,4123821.468073505,209.98
302515.890879883,4123821.2295012493,208.31
302515.75463926705,4123820.990803845,208.65
302515.6181454889,4123820.7517672786,208.82
302515.48133184423,4123820.512144259,208.93
302515.3441570742,4123820.2717027403,209.55
302515.2065958827,4123820.030251274,209.15
302515.06865654496,4123819.7876417856,208.26
302514.93035959976,4123819.5437960415,208.8
302514.79175737477,4123819.2987134093,208.67
302514.6529026983,4123819.0524684917,208.97
302514.5138708056,4123818.805214253,208.81
302514.3747461579,4123818.557173624,208.8
302514.2356368547,4123818.308626703,208.54
302514.0965964731,4123818.0598979117,208.59
302513.9577051156,4123817.81134096,208.75
302513.81905504386,4123817.5633058464,208.91
302513.68072490214,4123817.3161191414,207.84
302513.5427777868,4123817.070095569,209.05
302513.40527899,4123816.82548407,208.94
302513.2682762319,4123816.5824401393,208.63
302513.13180622004,4123816.3410646548,208.22
302512.9958500422,4123816.1013536607,208.73
302512.8603161982,4123815.8630807595,209.0
302512.7252087745,4123815.6261938573,208.68
302512.5904521171,4123815.390440539,207.46
302512.455975814,4123815.155520043,204.44
302512.32165387867,4123814.9211349646,205.54
302512.18735978624,4123814.686929544,206.92
302512.05297588004,4123814.45256445,206.9
302511.9187496287,4123814.2176572224,205.93
302511.78355349845,4123813.981719907,205.77
302511.6479163353,4123813.7445363724,205.37
302511.51170939393,4123813.505785144,205.45
302511.3748296031,4123813.2651768755,205.71
302511.2372247162,4123813.0224797404,204.93
302511.09886798426,4123812.777514973,204.93
302510.9597834658,4123812.5301796906,204.88
302510.8200295631,4123812.2804266666,204.3
302510.6797078087,4123812.0283020926,206.73
302510.53891928797,4123811.773905284,207.58
302510.39782798867,4123811.517395424,207.38
302510.25660949457,4123811.2589881136,206.28
302510.1153950723,4123810.9989853087,212.69
302509.9743824266,4123810.737668625,209.1
302509.8337247675,4123810.4753843127,208.67
302509.69355671643,4123810.2124789683,209.21
302509.5539915361,4123809.949275044,207.9
302509.4150837079,4123809.6860918947,208.02
302509.2768741221,4123809.423242628,208.07
302509.1393447218,4123809.160972286,207.42
302509.002437814,4123808.899495428,207.76
302508.86605095485,4123808.6389650656,207.94
302508.730055893,4123808.379477453,208.19
302508.59419355786,4123808.1208936293,208.17
302508.4583178117,4123807.863250355,208.61
302508.3222090634,4123807.6064205174,208.88
302508.1856491187,4123807.3501954037,208.23
302508.0484174927,4123807.094347336,207.93
302507.9103139842,4123806.83861261,208.37
302507.7711712088,4123806.582710765,207.71
302507.6308644008,4123806.326381127,207.73
302507.48931673664,4123806.069389622,207.44
302507.346403127,4123805.8113953318,207.24
302507.20214337175,4123805.5522754896,207.9
302507.0566485896,4123805.292094985,208.83
302506.9100772159,4123805.030875238,208.41
302506.76259908295,4123804.7687489013,209.01
302506.6144206596,4123804.505905171,207.94
302506.46577018435,4123804.242618792,208.29
302506.3168950049,4123803.979195319,208.29
302506.1679318355,4123803.715777749,207.96
302506.01913871465,4123803.4527567145,208.32
302505.87066695193,4123803.19035126,208.25
302505.7226130114,4123802.9287113794,208.35
302505.5750261909,4123802.6679147463,208.31
302505.42789780087,4123802.407947725,208.06
302505.2811569697,4123802.1487018475,208.16
302505.1346952481,4123801.8899873705,209.11
302504.9883748638,4123801.63157454,209.07
302504.84202324616,4123801.3732012757,208.31
302504.6954646989,4123801.1146035427,208.94
302504.5485723618,4123800.8554831613,209.13
302504.4010568016,4123800.595445006,208.95
302504.2528440368,4123800.3343524304,208.36
302504.10382217396,4123800.0720300134,208.87
302503.95391423785,4123799.8083730144,208.9
302503.80308365874,4123799.543306493,208.59
302503.6513025623,4123799.2768087485,208.78
302503.49858099496,4123799.008927741,209.32
302503.34495593834,4123798.7397166505,208.39
302503.1904785276,4123798.4692888735,208.04
302503.0352434661,4123798.1977588553,204.61
302502.8793770514,4123797.925393032,206.95
302502.7229001153,4123797.652192603,206.77
302502.56592746294,4123797.3783285217,206.46
302502.40857906494,4123797.1039696285,206.25
302502.2509874994,4123796.8292770353,206.42
302502.0933076564,4123796.554418688,206.39
302501.9356976367,4123796.279555136,205.74
302501.7783286263,4123796.0048428294,205.47
302501.62140213297,4123795.730484079,205.53
302501.4650516441,4123795.456532219,206.18
302501.30940161773,4123795.1830171663,205.89
302501.15450422984,4123794.9098383095,206.02
302501.0004247456,4123794.6369516347,207.28
302500.8471961812,4123794.3642232334,206.81
302500.6947805215,4123794.0914786896,207.96
302500.543108975,4123793.818449437,206.2
302500.3920603477,4123793.544873629,208.34
302500.24155904946,4123793.2705688453,207.57
302500.0913632704,4123792.9951081933,206.99
302499.94132098946,4123792.7183140637,208.08
302499.7912827986,4123792.440071015,209.37
302499.64105783775,4123792.1602024757,209.15
302499.49061526894,4123791.8788583796,208.38
302499.3399101652,4123791.5962081896,207.91
302499.18893247464,4123791.312501588,207.67
302499.0377023561,4123791.0280778427,207.94
302498.88628013746,4123790.743345092,208.22
302498.7347544102,4123790.4587362935,207.99
302498.5832357009,4123790.1747455737,209.27
302498.4319304187,4123789.891964221,208.62
302498.28089263645,4123789.610705931,208.02
302498.130272943,4123789.3313920693,207.75
302497.98021566396,4123789.0544194123,209.21
302497.83088075166,4123788.780131491,208.27300819
302497.68242710753,4123788.5088335867,208.39
302497.53500578087,4123788.2407713723,208.53
302497.3887519291,4123787.976140625,208.11
302497.2437901297,4123787.7150762742,209.09
302497.1002271015,4123787.457694873,208.96
302496.9581931948,4123787.204035745,208.57
302496.81776007754,4123786.9541204646,208.78
302496.67897908855,4123786.7079032823,208.57
302496.5418719038,4123786.4652898693,208.44
302496.40644056187,4123786.2260894086,203.74
302496.27259446884,4123785.9900641246,205.89
302496.1402173174,4123785.756880373,205.91
302496.0091465349,4123785.526139398,205.84
302495.8791969058,4123785.2973964647,205.8
302495.7501610103,4123785.0701652328,205.31
302495.6217915133,4123784.843949359,208.25
302495.493854019,4123784.618212433,207.48
302495.3661068499,4123784.392427618,208.33
302495.2383155655,4123784.166101421,207.94
302495.11025632394,4123783.9386405735,207.23
302494.9817077139,4123783.7095911126,207.27
302494.8524726604,4123783.478476971,207.78
302494.72236002283,4123783.2448910414,207.39
302494.59119506425,4123783.0084637366,208.1
302494.45883270336,4123782.768882313,208.51
302494.3251537899,4123782.525902741,207.87
302494.1900948598,4123782.2794662793,207.7
302494.05346506863,4123782.029360205,209.44
302493.915205909,4123781.775618353,210.99
302493.77529869316,4123781.5183468387,209.53
302493.6337375287,4123781.2577335704,210.07
302493.4905569278,4123780.9940411174,209.23
302493.3458002543,4123780.727594702,210.21
302493.19955228356,4123780.458751889,209.57
302493.051921683,4123780.187906071,206.75
302492.9030120495,4123779.915458774,207.81
302492.7529494967,4123779.6418108894,207.87
302492.6018591062,4123779.367306108,207.46
302492.449842597,4123779.0922510484,206.85
302492.29699350195,4123778.8168859608,207.15
302492.14338600467,4123778.5413640267,206.58
302491.9890870914,4123778.265861695,209.72
302491.83415635175,4123777.9904303146,209.19
302491.6786375917,4123777.7151008775,209.54
302491.52257285506,4123777.439820506,207.97
302491.3659843302,4123777.1645139107,208.86
302491.20890735305,4123776.889090184,208.93
302491.0513745283,4123776.61341775,207.32
302490.8933856621,4123776.337401081,208.06
302490.73499138013,4123776.060915106,209.2
302490.57622266555,4123775.783866422,208.52
302490.4171073876,4123775.506177181,208.65
302490.2576774735,4123775.2277916055,207.11
302490.0979694521,4123774.948688731,206.09
302489.9380354412,4123774.668888841,205.95
302489.7779162751,4123774.3884803304,207.14
302489.617704024,4123774.107608778,206.82
302489.45750468975,4123773.8264829535,207.07
302489.2974738336,4123773.5454415176,206.82
302489.1377111372,4123773.264670357,210.24
302488.97848692216,4123772.9846136253,207.68
302488.8200271476,4123772.705671052,207.47
302488.6625894823,4123772.428265634,208.69
302488.50642425945,4123772.1527749416,207.62
302488.35175098473,4123771.879538885,207.51
302488.1987684915,4123771.608849497,208.05
302488.0476463235,4123771.340904879,207.41
302487.8984893137,4123771.075838144,207.51
302487.7513291553,4123770.8137025526,207.78
302487.60615106457,4123770.554443322,207.44
302487.4628582286,4123770.2979108845,207.32
302487.3213007422,4123770.043852728,207.17
302487.18124153255,4123769.7919124514,207.46
302487.04238769074,4123769.541654368,207.29
302486.90442225535,4123769.2925518174,206.97
302486.7669745051,4123769.0440292167,207.34
302486.62966316496,4123768.795485316,207.82
302486.49212197313,4123768.5463180663,207.12
302486.35400210106,4123768.2959520076,207.63
302486.2150095396,4123768.043891691,207.08
302486.0748730221,4123767.7896545157,208.81
302485.9334039713,4123767.532921412,208.08
302485.79047774675,4123767.2734687696,207.94
302485.6460501863,4123767.0112692215,209.72
302485.500189753,4123766.74641504,210.07
302485.35303117125,4123766.4791487674,209.03
302485.204715804,4123766.2097603614,208.02
302485.05549805047,4123765.9387068655,208.09
302484.90572345536,4123765.6666575437,209.0
302484.75570939673,4123765.3942366624,208.03
302484.6057851189,4123765.122096631,207.4
302484.4562546697,4123764.850882719,207.99
302484.30740323354,4123764.5812024376,208.94
302484.1594938324,4123764.3135761986,207.71
302484.01273150934,4123764.0484523373,208.05
302483.86726514105,4123763.7861600295,206.59
302483.723194453,4123763.5268996456,205.99
302483.58055966266,4123763.270774437,205.03
302483.439411317,4123763.0178542496,206.14
302483.29962909874,4123762.767924337,206.51
302483.1611579564,4123762.52079887,205.76
302483.0239128399,4123762.276222078,205.35
302482.8878022377,4123762.033929469,205.5
302482.7527509833,4123761.793629923,205.56
302482.61867729656,4123761.554989418,205.41
302482.48549890885,4123761.3176873103,205.3
302482.3531285371,4123761.0813570623,205.11
302482.2214825999,4123760.8456350556,204.55
302482.0904657118,4123760.6101532597,204.59
302481.9599819962,4123760.3745302446,204.24
302481.82992719335,4123760.1383902906,204.5
302481.70009328716,4123759.901147869,204.17
302481.5703957759,4123759.6625343356,204.89
302481.44067294366,4123759.422156014,206.57
302481.3107680642,4123759.1796378167,207.03
302481.18052031123,4123758.9346305067,206.43
302481.0497719856,4123758.6868260014,206.19
302480.9183840566,4123758.435964368,205.95
302480.7862043571,4123758.1818609284,208.02
302480.65314783884,4123757.924397264,206.77
302480.51911863073,4123757.6635469347,206.77
302480.3840706349,4123757.399364548,206.62
302480.247970371,4123757.1319998256,209.4
302480.11081965506,4123756.8617017567,210.2
302479.97264532524,4123756.5887886668,209.27
302479.83356502734,4123756.3137384905,208.25
302479.6936587434,4123756.0370002766,208.01
302479.55299139133,4123755.759014948,208.29
302479.41172001,4123755.4804061283,208.26
302479.27001139056,4123755.2018020353,208.97
302479.1280467263,4123754.9238244053,208.34
302478.9859811913,4123754.6470559346,209.26
302478.843964593,4123754.372061424,209.79
302478.70215502084,4123754.099329089,209.53
302478.56067594606,4123753.829271472,208.86
302478.41963680927,4123753.5622183233,208.89
302478.2791267121,4123753.29838583,208.23
302478.1392005077,4123753.037870768,207.67
302477.99985870474,4123752.7806716566,208.24
302477.86108406394,4123752.5266778376,207.61
302477.7228206627,4123752.2756791096,207.57
302477.58498469513,4123752.0273812376,208.09
302477.4473977685,4123751.781272098,207.33
302477.3099740178,4123751.5370685672,210.92
302477.1725911726,4123751.2943313117,209.82
302477.03512676776,4123751.0526381517,208.92
302476.8974652289,4123750.811588606,208.74
302476.75952412933,4123750.5708329454,208.36
302476.62122213194,4123750.3300629198,208.76
302476.4825051484,4123750.089006559,208.7
302476.3434049815,4123749.8476037863,208.22
302476.2038207067,4123749.60553157,209.6
302476.063766285,4123749.3626888245,208.73
302475.923243824,4123749.1190322973,209.16
302475.7822694076,4123748.8745421628,300819.0
302475.6408457246,4123748.629231169,208.66
302475.4990052139,4123748.3831268623,207.27
302475.35679116007,4123748.1362699973,206.2
302475.21421834343,4123747.8887282945,205.72
302475.07131712564,4123747.640575747,206.98
302474.92812054255,4123747.3918644506,206.78
302474.7846867443,4123747.1426339997,205.88
302474.6410521814,4123746.8929292397,206.11
302474.4972513402,4123746.642812881,208.58
302474.353321844,4123746.392311724,210.2
302474.2093167215,4123746.141438334,210.46
302474.06528318144,4123745.8901783177,210.29
302473.92126556387,4123745.6384953004,208.63
302473.77728344797,4123745.386334943,208.61
302473.6333399331,4123745.133643824,209.3
302473.48943252576,4123744.880345753,209.03
302473.3455272118,4123744.6263425336,208.82
302473.20155263774,4123744.3715456068,208.85
302473.0574288126,4123744.1158720218,208.99
302472.9130604733,4123743.8592558205,209.46
302472.76835357567,4123743.6016614214,209.05
302472.6232233668,4123743.3431111914,209.79
302472.4776117847,4123743.0836492362,208.57
302472.3314580288,4123742.8233838864,209.07
302472.1847464008,4123742.562462921,209.03
302472.03749271494,4123742.3010813254,208.87
302471.8897941912,4123742.0395641956,208.53
302471.74165901827,4123741.7779883565,208.7
302471.59318457823,4123741.516619504,208.6
302471.4444860462,4123741.255702772,209.0
302471.2956998953,4123740.9954642938,209.2
302471.14696451684,4123740.736087523,208.02
302470.9984331646,4123740.477731488,207.06
302470.8502378429,4123740.2205322045,205.8
302470.70247552736,4123739.9645599327,207.45
302470.555258632,4123739.7098484486,207.51
302470.40867057146,4123739.456414687,206.74
302470.26277195767,4123739.204211515,206.77
302470.1176017076,4123738.9531696145,205.96
302469.97319409304,4123738.7031868207,205.91
302469.82953213865,4123738.4541195077,205.88
302469.68660459755,4123738.2058013408,205.46
302469.5443777058,4123737.958039886,206.85
302469.4028309836,4123737.710630813,205.89
302469.2619196126,4123737.463402424,206.14
302469.1215964446,4123737.216167577,206.55
302468.9818291342,4123736.9687445755,205.79
302468.84257442417,4123736.7209437666,206.13
302468.7037909303,4123736.4726185566,206.08
302468.5654256397,4123736.223635998,205.9
302468.42743439606,4123735.973889908,205.45
302468.289756929,4123735.723326983,207.99
302468.15238006564,4123735.471897278,206.12
302468.0152629045,4123735.2195922947,207.89
302467.87837357516,4123734.9664426246,209.39
302467.74170944974,4123734.7125040675,206.9
302467.6052492982,4123734.4578664117,208.23
302467.46899641,4123734.202659662,208.64
302467.3329695172,4123733.947029862,206.74
302467.19717254024,4123733.69116907,207.71
302467.0616281913,4123733.4352717088,207.53
302466.92636670865,4123733.1795750484,207.56
302466.7913495887,4123732.9241648368,207.21
302466.65665134275,4123732.66936559,208.63
302466.52229399845,4123732.4153587227,207.01
302466.38827612385,4123732.1623185235,207.32
302466.25460018846,4123731.9103668416,206.29
302466.1212333767,4123731.6595840096,207.01
302465.9881236904,4123731.409969464,207.83
302465.8552113854,4123731.161496784,208.36
302465.7224103368,4123730.9140613517,208.06
302465.5896212742,4123730.667509642,207.22
302465.45673666097,4123730.42163647,207.96
302465.3236636299,4123730.17622265,208.21
302465.1902876119,4123729.931026942,207.97
302465.0565113505,4123729.6858143103,207.72
302464.9222585791,4123729.4403635473,207.42
302464.7874573029,4123729.1944799274,207.84
302464.6520474419,4123728.94797481,207.95
302464.5159897086,4123728.700699303,207.43
302464.379233319,4123728.452519811,207.97
302464.24176514626,4123728.2033281773,207.26
302464.10353792866,4123727.953040274,207.78
302463.9645402497,4123727.7015726957,207.31
302463.8247545796,4123727.4488808387,207.12
302463.6841493163,4123727.1949070194,207.71
302463.5427082927,4123726.9395987764,207.59
302463.40040398214,4123726.68289762,207.71
302463.25722579216,4123726.4247665913,207.56
302463.1131752344,4123726.165196808,207.55
302462.9682810585,4123725.9041790725,207.38
302462.8225611519,4123725.641760561,207.23
302462.6760729759,4123725.378008132,208.5
302462.5287951115,4123725.1128555574,208.07
302462.38084257627,4123724.846524948,208.06
302462.2323185521,4123724.579148351,207.55
302462.0833058712,4123724.310873639,207.28
302461.93388934724,4123724.041875152,207.84
302461.78417109186,4123723.77231179,208.07
302461.6342340634,4123723.5023504263,208.67
302461.4841458556,4123723.232119554,207.87
302461.3340221308,4123722.9618537747,207.78
302461.18384811585,4123722.6915339828,207.24
302461.03366516926,4123722.4212920056,207.87
302460.88352800114,4123722.151232059,207.86
302460.73348628107,4123721.881485326,207.98
302460.5835877106,4123721.6121462197,207.87
302460.4338866693,4123721.34333447,207.63
302460.28442378825,4123721.075139309,207.31
302460.13525087095,4123720.8076848933,208.0
302459.9864310398,4123720.5410769517,207.61
302459.8380253894,4123720.2754211216,207.78
302459.6900841552,4123720.010791255,207.22
302459.5426496491,4123719.747261993,207.34
302459.3957605835,4123719.4848878495,208.09
302459.2494429422,4123719.223692125,208.38
302459.10373045475,4123718.9636921473,207.24
302458.9586367325,4123718.704889413,207.45
302458.81418307306,4123718.447293547,207.36
302458.6703975121,4123718.190915657,207.04
302458.52729068184,4123717.935767874,208.56
302458.3848432796,4123717.681761199,207.53
302458.24305867264,4123717.4288930246,207.12
302458.10196075914,4123717.1771894856,208.75
302457.9616001405,4123716.9266892006,206.04
302457.8219982043,4123716.677444039,207.3
302457.6831884417,4123716.4294984047,207.33
302457.54520038527,4123716.1828990644,207.46
302457.40799479943,4123715.937580154,207.73
302457.27155238163,4123715.6935122707,206.97
302457.13585555315,4123715.450659783,205.72
