450571.168518412,3951651.238874863,0
450571.1738883671,3951651.282656107,0
450571.1546816966,3951651.2992153,0
450571.1415350859,3951651.293927622,0
450571.1150637943,3951651.305536109,0
450571.0978721804,3951651.304892376,0
450571.0696200047,3951651.294512781,0
450571.0336040581,3951651.297855828,0
450570.9944379135,3951651.331163262,0
450570.9646904076,3951651.323010277,0
450570.9636134257,3951651.319134273,0
450570.9549872394,3951651.340440857,0
450570.948159973,3951651.359888856,0
450570.9417567385,3951651.347169357,0
450570.933880274,3951651.36773234,0
450570.9435535495,3951651.399104204,0
450570.9192789477,3951651.399054467,0
450570.9248156463,3951651.418618502,0
450570.9073548791,3951651.450880833,0
450570.9044475703,3951651.470307013,0
450570.8957380373,3951651.476640634,0
450570.8666352482,3951651.503052339,0
450570.8158189063,3951651.474867206,0
450570.773515997,3951651.486378963,0
450570.7458776676,3951651.505018517,0
450570.7006653901,3951651.535586753,293.57
450570.6663362087,3951651.516922417,0
450570.576932095,3951651.51760493,285.54
450570.5412007336,3951651.490814686,277.12
450570.5056134231,3951651.489903636,0
450570.4647492495,3951651.489021958,0
450570.4145004481,3951651.481537666,273.53
450570.3647883245,3951651.489208668,278.84
450570.3179582767,3951651.500006197,280.61
450570.2527855459,3951651.492974692,274.11
450570.1651767768,3951651.464070078,277.57
450570.0946849491,3951651.503652174,289.42
450570.0477273102,3951651.491528133,286.05
450569.9847188332,3951651.494097151,285.71
450569.9089280394,3951651.50265275,284.74
450569.8245764318,3951651.51717143,286
450569.7311268286,3951651.495323904,279.19
450569.6586199948,3951651.497945796,277.98
450569.572874434,3951651.505817382,281.96
450569.433953703,3951651.549292678,289.14
450569.3619501315,3951651.533980632,286.75
450569.2870552254,3951651.513878397,280.7
450569.1812148554,3951651.541271841,290.2
450569.088494891,3951651.542157684,287.91
450569.0178209335,3951651.549021094,284.23
450568.9230277587,3951651.58374733,290.02
450568.8121765861,3951651.577709535,285.72
450568.7236158351,3951651.594469943,283
450568.6734025525,3951651.566281464,272.82
450568.5670136533,3951651.603475395,280.98
450568.4705095574,3951651.628783449,282.51
450568.3548816528,3951651.658449673,283.21
450568.2859185833,3951651.728894411,292.35
450568.1816631102,3951651.715980195,283.39
450568.0689893523,3951651.707549411,276.97
450567.9796500326,3951651.774040724,283.91
450567.9660485249,3951651.795375006,281.78
450567.8801650075,3951651.886802792,296.86
450567.794386026,3951651.861585157,285.82
450567.7215220969,3951651.85422677,279.46
450567.6092553296,3951651.891823148,282.66
450567.5324564764,3951651.963050939,291.4
450567.4380749824,3951651.963391478,284.6
450567.3372794288,3951651.97615315,281.95
450567.2636950858,3951652.001888199,283.17
450567.1705958833,3951652.015901029,283.66
450567.0401073616,3951652.030306855,283.22
450566.948833831,3951652.047267238,284.25
450566.8387143595,3951652.064332533,283.55
450566.7687515289,3951652.090601999,287.53
450566.6509907838,3951652.089224122,280.71
450566.5061669758,3951652.155654607,284.28
450566.3729188659,3951652.134768096,277.69
450566.2425481601,3951652.197420985,285.04
450566.1280034519,3951652.177909214,279.68
450566.0082477162,3951652.224420445,282.93
450565.8598333009,3951652.241698936,285.59
450565.898729695,3951652.430776086,282.27
450565.9207107844,3951652.641760543,290.29
450565.8050083079,3951652.630943507,282.67
450565.7052058671,3951652.65959738,284.1
450565.6080585867,3951652.677699618,283.68
450565.4816866036,3951652.673227125,279.1
450565.3665696843,3951652.713427399,285.06
450565.3004444902,3951652.724886943,285.89
450565.1986491458,3951652.747636488,289.1
450565.0635434638,3951652.718072055,281.83
450564.9370423244,3951652.717482288,279.69
450564.8031731317,3951652.720445826,279.1
450564.683216738,3951652.730911054,281.67
450564.5839062319,3951652.739597634,282.61
450564.4592487715,3951652.772271891,289.01
450564.3454187964,3951652.745731596,280.01
450564.2267411033,3951652.742140571,283.45
450564.057098326,3951652.764898129,291.49
450563.9319448356,3951652.762637159,286.56
450563.8341692812,3951652.749132349,281.86
450563.7252286982,3951652.734210839,277.38
450563.6363576796,3951652.776483307,290.9
450563.4642465448,3951652.762098338,282.36
450563.3192776737,3951652.748301696,281.63
450563.1830229589,3951652.756084824,286.94
450563.0817097675,3951652.784192567,290.02
450562.9446044724,3951652.774603864,286.37
450562.8049001126,3951652.812722771,289.96
450562.682895755,3951652.834475712,290.92
450562.5620887924,3951652.827569135,282.74
450562.4367536556,3951652.87392662,290.04
450562.3119181637,3951652.874621617,282.67
450562.2311798506,3951652.888195968,285.48
450562.0807776878,3951652.900494446,284.41
450561.9212811086,3951652.904155276,284.13
450561.8006506416,3951652.901869157,284.8
450561.6649912815,3951652.935344131,290.99
450561.5451146523,3951652.933053818,290.85
450561.4657435354,3951652.894306001,275.75
450561.3181776601,3951652.928586699,283.78
450561.1690989652,3951652.961951536,284.69
450561.0844160053,3951653.025274423,293.59
450560.9736440831,3951652.979307148,281.24
450560.8610958851,3951652.993428325,281.5
450560.7258389259,3951653.045017072,288.57
450560.6548963849,3951653.057797472,288.05
450560.5697667733,3951653.040894862,284.79
450560.4624599298,3951653.021527727,276.66
450560.4271854945,3951653.076811538,286.83
450560.3315567038,3951653.069764813,278.2
450560.2219194057,3951653.092188362,279.6
450560.0954110769,3951653.144467839,284.13
450559.9815744121,3951653.143807632,278.86
450559.8868584619,3951653.138234686,272.73
450559.7748258753,3951653.190803288,281.87
450559.6873683765,3951653.18907193,276.43
450559.5985267068,3951653.209531134,276.24
450559.4732692852,3951653.242763373,278.42
450559.3714621161,3951653.236305628,274.43
450559.2646785919,3951653.229690733,273.83
450559.1062492526,3951653.31671623,287.02
450558.9647392799,3951653.274247548,275.21
450558.8799498268,3951653.345519904,284.56
450558.742805449,3951653.38307005,287.4
450558.6333621322,3951653.359093403,279.89
450558.5246026868,3951653.376705803,283.6
450558.4359879264,3951653.356680046,274.04
450558.3534270322,3951653.367861438,275.2
450558.2195511746,3951653.396705109,282.39
450558.1153065444,3951653.466976652,289.48
450558.0114740539,3951653.475873339,285.98
450557.901015533,3951653.513274917,286.88
450557.8018187811,3951653.569469218,287.69
450557.6899961172,3951653.551421258,282.81
450557.5796466677,3951653.554253952,278.03
450557.4418842916,3951653.562045563,274.75
450557.3280682439,3951653.619245552,280.41
450557.1961503083,3951653.647708623,279.37
450557.0927459528,3951653.679340363,278.85
450556.9679938742,3951653.749171533,285.68
450556.8621273398,3951653.798932982,285.51
450556.7236034304,3951653.832423983,288.66
450556.601294009,3951653.93477641,297.07
450556.4969212412,3951653.954952408,290.41
450556.3413065557,3951653.95175201,284.63
450556.240752382,3951653.98077989,284.83
450556.0955514748,3951654.006544081,285.68
450555.9990911628,3951654.012626886,281.48
450555.8873292657,3951654.059648318,285.63
450555.7606084571,3951654.100837612,286.27
450555.6437400237,3951654.151399764,288.6
450555.554594814,3951654.22565412,294.84
450555.4162854558,3951654.216441954,283.85
450555.2940120411,3951654.271101062,288.16
450555.1605828659,3951654.326007145,288.64
450555.0599880194,3951654.320651842,284.9
450554.8999352058,3951654.305645326,283.6
450554.7849567234,3951654.289463548,284.48
450554.6813367739,3951654.309450518,284.52
450554.5166333958,3951654.379873892,285.27
450554.4599617853,3951654.356158025,278.98
450554.3229353189,3951654.441955291,289.59
450554.1881785523,3951654.475055643,288.5
450554.0790234411,3951654.502837439,288.25
450553.9513568151,3951654.482474607,278.8
450553.8517320116,3951654.570097047,291.46
450553.7352165443,3951654.575736979,288.86
450553.6065604227,3951654.567210516,283.06
450553.5161565542,3951654.577881054,284.19
450553.4165198896,3951654.63629614,287.22
450553.2516359125,3951654.701359686,286.68
450553.1000992176,3951654.753593775,288.7
450552.9880414436,3951654.774552034,287.6
450552.8665553149,3951654.808133081,287.93
450552.7702200471,3951654.809593799,282.81
450552.7562953701,3951654.77288477,275.79
450552.6800698207,3951654.784585509,276.99
450552.5903266066,3951654.75144124,263.05
450552.4862770665,3951654.82966062,278.18
450552.3074890074,3951654.861712185,275.49
450552.1656266244,3951654.891339848,277.95
450552.0381597536,3951654.961001348,285.73
450551.9109414439,3951655.048222892,292.42
450551.8096030615,3951655.044720337,288.21
450551.6802189033,3951655.094982521,290.9
450551.6031474217,3951655.117224834,291.64
450551.5027918772,3951655.127765952,287.19
450551.3557478884,3951655.201603333,290.8
450551.2148585411,3951655.216437025,283.68
450551.113614859,3951655.229940806,282.91
450550.9863645829,3951655.257268835,284.97
450550.9248927021,3951655.319168567,291.02
450550.8386099987,3951655.338874181,287.19
450550.6985459974,3951655.339469287,283.03
450550.6007241962,3951655.371809446,282.47
450550.4773588784,3951655.392830706,282.27
450550.388216263,3951655.440465676,286.85
450550.2943894955,3951655.432115022,279.66
450550.1459501212,3951655.580272757,290.19
450550.0098405259,3951655.559956999,279.04
450549.9083236611,3951655.605627453,281.89
450549.8300763051,3951655.552084913,276.27
450549.7030868697,3951655.545028083,277.6
450549.5967643762,3951655.512900455,272.91
450549.420749385,3951655.582647488,287.07
450549.3912950181,3951655.464687813,277.04
450549.2992073777,3951655.389594068,266.37
450549.1947980609,3951655.37612636,267.1
450549.0955704209,3951655.372612082,268.93
450548.997343043,3951655.33212081,262.44
450548.8606654548,3951655.372256509,274.15
450548.7478744464,3951655.396916051,277.21
450548.6266404637,3951655.42162261,273.73
450548.4650903611,3951655.462636256,275.31
450548.3873375868,3951655.470833251,275.58
450548.2587087944,3951655.494286995,279.54
450548.1865432109,3951655.531105733,282.92
450548.1090044729,3951655.523588683,278.43
450548.0366875628,3951655.533234266,278.42
450547.8099159782,3951655.639680843,279.18
450547.6923889492,3951655.680264482,282.96
450547.6839538268,3951655.762942589,298.49
450547.6592582877,3951655.741451836,290.1
450547.5196445365,3951655.741674771,278.29
450547.4306675885,3951655.764907707,279.06
450547.2728774188,3951655.804236722,280.07
450547.1457537786,3951655.854301527,287.62
450546.9929137637,3951655.916155547,288.85
450546.8053940547,3951655.923484996,282.85
450546.6683728322,3951656.010206637,290.24
450546.5600255975,3951656.02060746,286.61
450546.3913904706,3951656.061845459,284.8
450546.2558033734,3951656.162423404,293.28
450546.1268132544,3951656.120994342,282.81
450546.0150416048,3951656.139178243,284.08
450545.8699616746,3951656.159581071,287.69
450545.7064243894,3951656.222788688,292.24
450545.5877054524,3951656.157640723,279.6
450545.5067428668,3951656.185080759,285.17
450545.3325225107,3951656.143903607,277.12
450545.2010544255,3951656.198983777,282.61
450545.1201855245,3951656.243245293,285.68
450544.9824155321,3951656.276732281,287.32
450544.8100383543,3951656.241645159,277.96
450544.7038734703,3951656.291962987,284.1
450544.5999973288,3951656.320085217,286.38
450544.3998517132,3951656.30733561,280.2
450544.2948101527,3951656.369847757,291.47
450544.1766717363,3951656.354792856,289.22
450544.0520307512,3951656.336261886,289.17
450543.9169507902,3951656.311319059,291.58
450543.7519766566,3951656.278963584,285.29
450543.6631406575,3951656.273358062,284.99
450543.4890973687,3951656.263975385,284.54
450543.4180216155,3951656.279899237,290.22
450543.3363355155,3951656.285715038,280.56
450543.1604301683,3951656.348067302,286.13
450543.051906549,3951656.408010858,291.1
450542.9601412289,3951656.444938797,291.44
450542.8932066593,3951656.446420731,289.29
450542.782318006,3951656.460717754,284.99
450542.7328951113,3951656.466169016,284.86
450542.6024416931,3951656.486860149,283.67
450542.485831659,3951656.529657037,290.8
450542.4279405043,3951656.503544898,277.74
450542.3904375019,3951656.510593486,281.48
450542.3154469472,3951656.527463433,290.57
450542.2505886921,3951656.549822664,300.21
450542.247812651,3951656.565735837,309.14
450542.1792880466,3951656.552438064,285.88
