302611.9092075562,4124244.309200703,89.55
302612.2989148556,4124244.305401343,90.17
302612.6904658984,4124244.298227985,88.84
302613.0851174098,4124244.29079669,89.95
302613.4780078168,4124244.290253176,89.68000000000001
302613.8732202786,4124244.281513473,88.73
302614.2681414187,4124244.27925691,89.53
302614.6655933535,4124244.271389754,89.5
302615.0609101685,4124244.260797289,89.73999999999999
302615.4599275756,4124244.25659408,89.75
302615.860062532,4124244.249589065,89.40000000000001
302616.2595365344,4124244.245930264,89.2
302616.6599237211,4124244.243360226,88.98999999999999
302617.0600543238,4124244.236170333,89.70999999999999
302617.4592456476,4124244.226782113,89.93000000000001
302617.865020594,4124244.220569733,89.28
302618.2663339874,4124244.21335208,89.65000000000001
302618.6720219473,4124244.203441057,89.84999999999999
302619.0751486414,4124244.191554891,89.77
302619.4769229488,4124244.178775368,90.53
302619.8819847213,4124244.167398841,90.12
302620.2857332525,4124244.156793364,90.42
302620.6905036523,4124244.139317528,90.69
302621.0931259104,4124244.124852814,90.94
721690.1081724712,68775458014414.41,90.86
302621.9071848032,4124244.09331068,91.15000000000001
302622.3151382865,4124244.072799485,91.04000000000001
302622.7240571469,4124244.055596262,91.95999999999999
302623.1325367868,4124244.03229719,91.52
302623.5405337219,4124244.001052928,93.01000000000001
302623.9499482983,4124243.979767308,91.81
302624.361258789,4124243.951035669,92.53
302624.7721213677,4124243.915838313,93.28
302625.1809314634,4124243.881429392,93.39
302625.589515427,4124243.843695156,93.52
302626.0019434379,4124243.799579305,94.16
157323563.571481,61341065.19017482,95.22
302626.8210072587,4124243.704082429,95.29000000000001
302627.2300999549,4124243.650238153,96.03
302627.6429018804,4124243.584279309,97.34999999999999
302628.0497768382,4124243.524195993,97.48
302628.4589434251,4124243.454621955,97.91
302628.8659227142,4124243.380103398,98.98999999999999
302629.2752501557,4124243.292207025,100.23
302629.6816640989,4124243.199938319,100.9
302630.086316898,4124243.101974924,102.4
302630.4908218215,4124242.99143256,102.92
302630.8874603345,4124242.879779951,104.62
302621.3019316398,4124242.989555469,105.45
302631.6807025123,4124242.623539155,107
302632.0727794277,4124242.487754124,107.7
302632.4603686729,4124242.337271742,109.74
302632.8472447352,4124242.169042669,111.74
302633.2214057985,4124241.988530156,114.09
302633.596045211,4124241.809486702,114.17
302633.965301174,4124241.615396888,115.89
302634.3285605621,4124241.411641184,117.42
302634.6879410987,4124241.200205191,118.6
302635.0426165562,4124240.977407609,120.86
302635.3852162528,4124240.744346946,122.66
302636.5907174285,4124240.480817471,123.56
302636.0561438965,4124240.250065693,125.82
302636.3760792569,4124239.990522751,127.26
302636.6941665014,4124239.715295199,129.21
302636.998308146,4124239.438360201,130.71
302637.2936527833,4124239.145904,133.21
302637.583848817,4124238.848387868,133.94
302637.8591164806,4124238.538825368,136.76
302638.1278005276,4124238.219795809,138.3
302638.384556674,4124237.896790917,140.06
302638.6351249159,4124237.56227426,141.57
302638.8704473506,4124237.221084747,144.02
302641.45156853,4124236.82602834,145.27
302639.3081959061,4124236.523751232,147.48
302639.5091478862,4124236.167826931,148.82
302639.7045163913,4124235.794640522,150.6
302639.8819908754,4124235.4279811,152.61
302640.0564170534,4124235.044925139,154.21
302640.2077353531,4124234.660562207,156.77
302640.3544833998,4124234.276861859,157.58
302640.4966959658,4124233.882721101,159.08
302640.6277459592,4124233.485697219,160.09
302640.7516600816,4124233.087175816,161.49
302640.8695689383,4124232.684909869,162.23
302646.4377814323,4124232.148374637,163.95
302641.0659545279,4124231.870573133,165.53
302641.1555155697,4124231.458056657,166.52
302641.2348967947,4124231.046704745,167.83
302641.3037329133,4124230.627274171,168.92
302641.3719559077,4124230.213224067,169.31
302641.4266681169,4124229.784503736,170.99
302641.474592347,4124229.3690806,171.77
302641.5140891873,4124228.947564404,174.34
302641.5436758072,4124228.52609621,174.58
302641.5713099478,4124228.097087443,175.1
302641.5963915264,4124227.666473375,175.29
302639.1077022936,4124227.299412035,176.3
302641.6253775141,4124226.810554164,177.39
302641.6336825991,4124226.38366525,177.52
302641.6405265886,4124225.951259607,177.85
302641.6433090842,4124225.522280123,178.21
302641.6472047947,4124225.090313879,178.05
302641.6508526467,4124224.660388866,178.29
302641.6519348847,4124224.228303748,178.11
302641.6511950974,4124223.794226076,179.07
302641.6513380613,4124223.35994261,178.45
302641.6485109987,4124222.925173875,179.12
302641.6458274437,4124222.496507965,178.72
302640.4910696034,4124222.087161661,179.17
302641.6383860937,4124221.626457415,179.3
302641.6321150245,4124221.189919305,179.63
302641.6253656246,4124220.758203386,179.25
302641.6222080849,4124220.321962137,179.27
302641.617906892,4124219.887413104,179.25
302641.6143014565,4124219.450997351,179.18
302641.610126374,4124219.015520173,179.13
302641.6045293335,4124218.582481903,179.4
302641.603663456,4124218.14304115,178.78
302641.6029454437,4124217.709888151,178.79
302641.6032754077,4124217.270974386,178.7
302641.2080742481,4124216.846172482,178.4
302641.6054529858,4124216.401067727,178.52
302641.6033999857,4124215.967761087,178.85
302641.6070739652,4124215.532654449,178.14
302641.6089563633,4124215.096849796,178.6
302641.6113736275,4124214.658627096,178.2
302641.6117471008,4124214.227853905,178.73
302641.6141687181,4124213.789816139,178.44
302641.6166860071,4124213.355846921,178.26
302641.5969954744,4124212.914813432,178.65
302641.5961774678,4124212.483698188,178.69
302641.5967683679,4124212.043298,178.56
302642.275573982,4124211.600827377,178.31
302641.601598591,4124211.179250135,178.55
302641.6007023131,4124210.744806079,178.7
302641.6019715932,4124210.308090666,178.59
302641.6045976162,4124209.8787448,177.89
302641.6054581416,4124209.443519288,178.89
302641.6039487331,4124209.008164473,178.55
302641.6067747908,4124208.574743106,178.3
302641.608439797,4124208.142274223,178.36
302641.6096308224,4124207.708521232,178.5
302641.6152442775,4124207.27410914,178.11
302641.614421948,4124206.842808966,178.55
302643.5474682816,4124206.366034274,178.31
302641.6169040274,4124205.979556467,178.84
302641.6190821768,4124205.550036102,178.36
302641.6226127068,4124205.115117882,178.1
302641.6218382159,4124204.679560749,178.59
302641.6232553794,4124204.249133097,178.52
302641.6244464217,4124203.815380109,178.42
302641.624854737,4124203.386086397,178.82
302641.6258109675,4124202.954929438,178.36
302641.6280891427,4124202.523371323,178.62
302641.6302020809,4124202.091076947,178.23
302641.6303234018,4124201.662160057,178.57
302644.787389854,4124201.155492939,178.64
302641.6333360475,4124200.796304584,178.29
302641.6346401725,4124200.367359882,178.38
302641.6364791625,4124199.935997131,178.38
302641.6368396605,4124199.504669148,178.45
302641.6400136485,4124199.073460041,178.56
302641.641169933,4124198.644518817,178.47
302641.6437481808,4124198.213138686,178.38
302641.6438651712,4124197.784036865,178.46
302641.6483089317,4124197.350207394,178.44
302641.648295472,4124196.921848787,178.38
302641.651878233,4124196.48914978,178.42
302646.0630580233,4124195.95521355,178.3
302641.6524688099,4124195.627237031,178.49
302641.65460787,4124195.196052264,178.32
302641.6550597175,4124194.768607898,178.53
302641.6594773996,4124194.333668826,178.29
302641.6605989153,4124193.903248133,178.44
302641.6629119275,4124193.473169493,178.55
302641.6647596512,4124193.042176617,178.36
302641.6670987598,4124192.613207582,178.25
302641.6698205386,4124192.181639043,178.46
302641.6693157181,4124191.751256595,178.29
302641.6695197088,4124191.319562225,178.46
302647.3816652949,4124190.756515332,178.46
302641.6758721215,4124190.45732896,178.27
302641.6781938506,4124190.027620192,178.44
302641.6797154479,4124189.595339731,178.39
302641.6827285893,4124189.163579308,178.11
302641.6832761284,4124188.73391226,178.73
302641.685667439,4124188.300871204,178.46
302641.6892502424,4124187.868172204,178.12
302641.6901195724,4124187.433316575,178.5
302641.69334146,4124187.004141752,178.06
302641.6977330915,4124186.568093081,178.42
302641.6972804838,4124186.139929845,178.55
302633.9770670093,4124185.889597582,178.08
302641.703102427,4124185.274008334,178.48
302641.7062721394,4124184.842614304,178.4
302641.7091548509,4124184.411597096,178.13
302641.7111330744,4124183.979861011,178.32
302641.7149985554,4124183.546600258,178.24
302641.7171855163,4124183.117449773,178.37
302641.7183636121,4124182.683141997,178.31
302641.7203505417,4124182.251775782,178.36
302641.7213329672,4124181.821728441,178.31
302641.7255767772,4124181.385683251,178.37
302641.7258764833,4124180.951766202,178.55
302635.3543784198,4124180.671198138,178.3
302641.730989672,4124180.08715662,178.4
302641.7321938791,4124179.653958451,178.61
302641.7337894525,4124179.218530642,178.4
302641.7334238451,4124178.787774857,178.47
302641.7354586264,4124178.352151686,178.53
302641.7372194523,4124177.917460139,178.41
302641.7371234598,4124177.485587797,178.68
302641.7411846541,4124177.048066615,178.24
302641.7401276423,4124176.613071255,178.68
302641.7416145169,4124176.179311331,178.6
302641.7436580062,4124175.74405803,178.36
302636.6054410672,4124175.431158026,178.5
302641.7468057069,4124174.871353079,178.41
302641.7430091361,4124174.439382721,178.81
302641.7442351087,4124174.000817994,178.55
302641.7436825401,4124173.568401281,178.79
302641.7450868071,4124173.131127615,178.36
302641.7451386835,4124172.692960568,178.73
302641.7451470803,4124172.259235413,178.64
302641.7451685201,4124171.819773828,178.61
302641.7447942488,4124171.382356948,178.8
302641.7444721588,4124170.947159275,178.69
302641.7412930913,4124170.509993386,179.03
302637.6724845387,4124170.166209748,178.72
302641.7380311121,4124169.635218729,178.87
302641.7401007199,4124169.194783804,178.37
302641.7403483011,4124168.758647555,178.64
302641.7414394949,4124168.320641109,178.58
302641.7420958395,4124167.883014961,178.58
302641.740360493,4124167.444334833,178.87
302641.7410472822,4124167.008003223,178.59
302641.7445388749,4124166.571420624,178.4
302641.7449125726,4124166.13435623,178.37
302641.7450210158,4124165.698593331,178.62
302641.7467688567,4124165.263346989,178.42
302638.87975667,4124164.888157349,178.36
302641.7495296345,4124164.386765392,178.68
302641.7529777544,4124163.948333454,178.35
302641.7543820676,4124163.511059792,178.28
302641.7574170815,4124163.073932822,178.48
302641.7612174376,4124162.637898074,178.15
302641.7649395252,4124162.198534513,178.23
302641.7677310306,4124161.763633707,178.15
302641.7692701563,4124161.325801768,178.33
302641.7724530339,4124160.888671323,178.3
302641.7740356548,4124160.452688725,178.4
302641.780084217,4124160.017896367,178.07
302640.3326705151,4124159.613210814,177.93
302641.7873501322,4124159.144169421,178.18
302641.7905547624,4124158.707963648,178.28
302641.7931723448,4124158.271956715,178.39
302641.7997731873,4124157.835486046,177.76
302641.8038257851,4124157.397595008,178.19
302641.8088872482,4124156.95857003,178.07
302641.8125528384,4124156.523093564,178.05
302641.8175229867,4124156.086476204,178.13
302641.822319202,4124155.655043951,177.8
302641.8284504132,4124155.211182876,178.23
302641.8353382775,4124154.78062662,177.59
302641.9778613047,4124154.336703983,178.59
302641.8435130927,4124153.907803493,177.7
302641.849987851,4124153.465969742,178.14
302641.8540448234,4124153.034554872,178.2
302641.8566015584,4124152.595958866,177.93
302641.8642417318,4124152.159648799,177.67
302641.8678682123,4124151.728799163,177.77
302641.8726209572,4124151.282935109,178.52
302641.8782477755,4124150.861660319,177.82
302641.879326014,4124150.41680785,178.48
302641.8864139398,4124149.988467328,177.49
302641.8887532591,4124149.546915859,178.53
302643.7106035518,4124149.071646594,177.86
302641.9016071668,4124148.684344743,178.12
302641.9048075044,4124148.235371578,178.83
302641.9069902962,4124147.818618647,176.92
302641.9100732244,4124147.370943498,180.33
302641.9213966446,4124146.940282948,175.9
302641.9124297814,4124146.508619223,179.55
302641.9287105429,4124146.068590294,176.58
302641.9286364471,4124145.637642644,179.17
302641.9346807486,4124145.19637413,177.96
302641.9423775015,4124144.76875944,176.5
302641.937154738,4124144.332751843,180.52
302645.2484944719,4124143.824309051,176.18
302641.9398244226,4124143.471160357,180.14
302641.9501172613,4124143.034417848,178.08
302641.9541134152,4124142.600413909,178.88
302641.9549090464,4124142.168705666,179.69
302641.9608664034,4124141.742612171,177.42
302641.9614706981,4124141.302766831,180.15
302641.9715200361,4124140.868250486,175.79
302641.9699065839,4124140.447330993,180.18
302641.9801081235,4124140.012996105,176.61
302641.9835433292,4124139.567718148,178.83
302641.9876047337,4124139.142779456,178.76
302632.0847359614,4124138.948211047,176.64
302641.9978409403,4124138.288411503,180.36
302642.009090492,4124137.848315851,176.57
302642.004954902,4124137.427085594,179.3
302642.0140954121,4124136.985374209,178.24
302642.0121993265,4124136.565016474,177.71
302642.0197047939,4124136.129264695,178.19
302642.0258187284,4124135.703537595,177.96
302642.0268622652,4124135.27607936,178.13
302642.0338633074,4124134.844040169,177.98
302642.0411817977,4124134.412918695,177.51
302642.0464434258,4124133.982400696,177.8
302633.7687029483,4124133.747950995,177.6
302642.0588713603,4124133.126870999,178.14
302642.0622109398,4124132.696398195,178.13
302642.0695294431,4124132.265276724,177.46
302642.0736909058,4124131.838300284,178.21
302642.0766608639,4124131.404690559,178.05
302642.0812615331,4124130.977518755,177.88
302642.0893019073,4124130.551931397,177.74
302642.0912717094,4124130.126116712,178.19
302642.0962420105,4124129.695790603,178.05
302642.1014732302,4124129.263978068,178.21
302642.103216912,4124128.834838049,178.35
302635.3451152876,4124128.566133732,178.45
302642.1073696179,4124127.979687982,178.62
302642.1084523278,4124127.547602926,178.2
302642.1110570348,4124127.117332443,178.58
302642.1141487781,4124126.688900874,178.18
302642.1123658007,4124126.260768963,178.52
302642.1165533856,4124125.828610899,178.47
302642.1144834087,4124125.400855812,178.73
302642.1170359433,4124124.968366123,178.42
302642.1202668506,4124124.539561207,178.16
302642.1178055101,4124124.107744527,178.99
302642.1203580466,4124123.67525484,178.41
302636.6343384298,4124123.375712134,178.06
302642.1264024225,4124122.812473813,178.59
302642.1265589162,4124122.378745215,178.21
302642.1261370553,4124121.951876557,178.53
302642.1280329728,4124121.516626767,178.54
302642.1270892905,4124121.086439727,178.71
302642.129041746,4124120.65359408,178.6
302642.127858895,4124120.219526905,178.55
302642.1321508733,4124119.785516029,178.29
302642.130528826,4124119.351644217,179.04
302642.1312636926,4124118.923638144,178.24
302642.1331509278,4124118.488018489,178.51
302637.7735991796,4124118.161801909,178.53
302642.1319028271,4124117.623373548,178.72
302642.1281847853,4124117.188440806,179.25
302642.1252016472,4124116.759596978,178.55
302642.1224272419,4124116.320756288,178.91
302642.1222924127,4124115.887219579,178.57
302642.121522696,4124115.45184744,178.56
302642.1209312715,4124115.017766362,179.13
302642.124470978,4124114.58321807,178.42
302642.1221749215,4124114.145846422,178.65
302642.1229489519,4124113.706922293,178.22
302642.1137908801,4124113.273412724,179.68
302638.8026909124,4124112.918101206,177.62
302642.1191439313,4124112.406392138,178.11
302642.1143561635,4124111.963713033,179.48
302642.1202788911,4124111.523557622,178.09
302642.1213138466,4124111.089438302,178.77
302642.1170087709,4124110.654704404,180.12
302642.1237577362,4124110.218230291,176.55
302642.109720595,4124109.778544222,181.16
302642.1193265639,4124109.350329559,176.73
302642.115443308,4124108.902078098,180.06
302642.1160216756,4124108.461123178,177.74
302642.1105120607,4124108.025492425,179.66
302639.8278661451,4124107.633599848,177.88
302642.1120297373,4124107.140058408,178.37
302642.1130994987,4124106.701127331,179.38
302642.1220010223,4124106.2492446,176.09
302642.1137561734,4124105.810532548,181.31
302642.1214618472,4124105.370705292,176.61
302642.1159391968,4124104.928228507,179.48
302642.1219445911,4124104.485295614,177.18
302642.1242102209,4124104.040600298,179.31
302642.1287110138,4124103.590301337,179.06
302642.1333596596,4124103.158872595,177.21
302642.1318159589,4124102.709455911,179.81
302641.1993972499,4124102.294325343,176.83
302642.1367342625,4124101.823941939,180.35
302642.1460576224,4124101.383706575,176.66
302642.1434702737,4124100.94023559,179.89
302642.1513586178,4124100.489301869,177.34
302642.1530546063,4124100.051836362,178.57
302642.1581207377,4124099.600413894,178.06
302642.1558899784,4124099.159525033,178.21
302642.1563335892,4124098.712837165,179.21
302642.1600212276,4124098.271994177,177.91
302642.160912743,4124097.831772045,178.71
302642.1649178375,4124097.385555543,177.83
302642.6014138248,4124096.930279677,179.05
302642.1657137541,4124096.500878659,178.04
302642.1680359595,4124096.052296257,178.22
302642.1679708024,4124095.609136044,178.45
302642.1698972909,4124095.168889577,178.36
302642.1717846449,4124094.726978706,178.43
302642.1748461151,4124094.284670155,178.45
302642.1778032182,4124093.837923188,178.41
302642.1786730152,4124093.396776389,178.34
302642.1789340123,4124092.954903762,178.44
302642.1816910908,4124092.512232296,178.57
302642.1817694545,4124092.075174906,178.36
302643.9092729288,4124091.588247279,178.42
302642.1862660563,4124091.190596049,178.3
302642.1876533447,4124090.746291467,178.48
302642.1901495187,4124090.30510643,178.3
302642.1914628858,4124089.863949203,178.49
302642.1965725556,4124089.420667313,178.02
302642.1964639445,4124088.981948995,178.55
302642.199808101,4124088.539078693,178.44
302642.2027826297,4124088.099362697,178.16
302642.2059832862,4124087.656680805,178.36
302642.2048136338,4124087.216877221,178.42
302642.2091753666,4124086.773242848,178.31
302630.5063672533,4124086.611189258,178.51
302642.2130153881,4124085.892195126,178.08
302642.2154115701,4124085.45304784,178.59
302642.2180773653,4124085.012783999,178.3
302642.2203126575,4124084.573085389,178.24
302642.2213607889,4124084.133229658,178.52
302642.2246962742,4124083.68998949,178.27
302642.2250921231,4124083.253849822,178.51
302642.2291016409,4124082.814109494,178.19
302642.2276319608,4124082.37412793,178.54
302642.230506502,4124081.93644969,178.36
302642.2322765121,4124081.495836841,178.55
302631.8548758163,4124081.299469933,178.65
302642.2367471302,4124080.616439626,178.17
302642.2376517787,4124080.176772309,178.47
302642.2409307524,4124079.737419234,178.14
302642.2419615115,4124079.296823769,178.39
302642.2436315175,4124078.858248673,178.41
302642.2444144146,4124078.419694438,178.58
302642.2496676523,4124077.976224144,178.37
302642.2494982134,4124077.541207989,178.44
302642.2500810837,4124077.100438022,178.47
302642.2540688939,4124076.659773029,178.4
302642.256617323,4124076.220807206,178.24
302633.2404971226,4124075.993169508,178.17
302642.2617837681,4124075.339543276,178.46
302642.2637668924,4124074.895409734,178.57
302642.2662153152,4124074.458481663,178.26
302642.2651544351,4124074.017010205,178.32
302642.2691596558,4124073.577084948,178.26
302642.2707949004,4124073.137030385,178.47
302642.2728345665,4124072.695300985,178.33
302642.2770093858,4124072.256296925,178.15
302642.2796100219,4124071.813259082,178.45
302642.2828803403,4124071.373536145,178.01
302642.2867203303,4124070.926583401,178.29
302634.6626485122,4124070.667506856,178.12
302642.2911997566,4124070.047556067,178.37
302642.2969226902,4124069.598893722,178.2
302642.3018063412,4124069.158577743,177.99
302642.3041199883,4124068.715916723,178.28
302642.3077947455,4124068.274518954,178.11
302642.3114173207,4124067.830901976,178.2
302642.3150790328,4124067.388949404,178.15
302642.3189190424,4124066.948287894,178.24
302642.3240418872,4124066.50556082,177.95
302642.3267773623,4124066.061964704,178.31
302642.3311392087,4124065.618330344,178.29
302636.2099715522,4124065.317437061,178.12
302642.3353142923,4124064.732648872,178.28
302642.3405763018,4124064.289548458,178.02
302642.3427725607,4124063.848185455,178.25
302642.3465951958,4124063.406784213,178.29
302642.350983148,4124062.964259459,178.05
302642.3543100498,4124062.520649438,178.19
302642.3578674267,4124062.080549686,178.23
302642.3625467428,4124061.637833046,178.13
302642.3663085114,4124061.193842729,178.14
302642.3665957596,4124060.753079727,178.25
302642.37235353,4124060.312188091,178.04
302637.7738171195,4124059.977896346,178.06
302642.3822035721,4124059.428778658,177.96
302642.3868394184,4124058.984212682,178.06
302642.3897358289,4124058.541167894,178.41
302642.3947239135,4124058.098999106,177.87
302642.3998815966,4124057.657751512,177.97
302642.4057785397,4124057.216486536,177.87
302642.4116493945,4124056.774111955,178.04
302642.4157199368,4124056.330669489,177.8
302642.4198165745,4124055.888336628,178.13
302642.4235087943,4124055.447678602,178.25
302642.4305189879,4124055.009718101,177.65
302639.4855169127,4124054.634879455,178.12
302642.4417041036,4124054.126462323,177.91
302642.4481272512,4124053.682409432,177.74
302642.4541155381,4124053.245028071,177.91
302642.4583383006,4124052.801767066,178.07
302642.4635525428,4124052.362923617,178.01
302642.4685798019,4124051.922419238,177.89
302642.4743115314,4124051.480418005,177.9
302642.4800997936,4124051.040820915,177.91
302642.4877101234,4124050.596925149,177.84
302642.4924112445,4124050.161424419,177.9
302642.4981951686,4124049.721642393,178.04
302641.2952755028,4124049.309726316,177.7
302642.5096543089,4124048.84374623,177.99
302642.5149468505,4124048.401940364,178.05
302642.5223484606,4124047.961750232,177.84
302642.5257711134,4124047.522208768,177.85
302642.5298895444,4124047.080800582,178.06
302642.5357604536,4124046.64471724,177.93
302642.5430577135,4124046.200088695,177.79
302642.5490460427,4124045.762707338,177.93
302642.5555996905,4124045.324202473,177.71
302642.5610096724,4124044.881098595,177.96
302642.5670154011,4124044.444456976,177.76
302643.0904384219,4124043.992873515,177.98
302642.5824057333,4124043.563877878,177.34
302642.5882331836,4124043.119653967,178.07
302642.594325901,4124042.680419798,177.88
302642.6037757375,4124042.239256328,177.42
302642.6076071908,4124041.798224968,178.13
302642.6153480298,4124041.359877226,177.6
302642.6208450003,4124040.92047203,177.75
302642.6284988782,4124040.478425611,177.9
302642.6357265929,4124040.037129358,177.69
302642.6436935738,4124039.595815721,177.68
302642.6514039878,4124039.156173445,177.7
302630.2448835,4124039.00363138,178.28
302642.6600801605,4124038.273161723,177.68
302642.6614938153,4124037.836258013,178.21
302642.6665863898,4124037.392236423,178.22
302642.6718746516,4124036.95024563,177.98
302642.6774716672,4124036.508802687,177.92
302642.6774894359,4124036.069156257,178.47
302642.6834647855,4124035.624928876,178.04
302642.6862134714,4124035.188178814,178.28
302642.687235773,4124034.74721351,178.6
302642.6871404887,4124034.302758799,178.51
302642.6850491919,4124033.867787868,178.62
302631.7084921861,4124033.679214413,178.52
302642.6900682529,4124032.98023624,178.4
302642.6883726849,4124032.543220607,178.86
302642.6897950727,4124032.100395537,178.46
302642.6899650606,4124031.660930568,178.78
302642.6919875595,4124031.218461462,178.51
302642.692557623,4124030.777136723,178.39
302642.6902793516,4124030.340504865,179.05
302642.6941761062,4124029.895956291,178.23
302642.6916195287,4124029.460071121,178.77
302642.6925853281,4124029.016701682,178.67
302642.6968430178,4124028.574920165,178.15
302632.8826079511,4124028.374187629,178.58
302642.6949521916,4124027.701778808,178.91
302642.6937741364,4124027.261605394,178.93
302642.6902956681,4124026.824261614,178.96
302642.6861214238,4124026.388784557,179.21
302642.6808426398,4124025.950372892,179.37
302642.6714935598,4124025.515017513,179.59
302642.6573001423,4124025.081256331,180.43
302642.6444460904,4124024.647833727,180.29
302642.6271782144,4124024.209148861,180.98
302642.6099712086,4124023.779344297,180.84
302642.5856759864,4124023.343785246,182.01
302632.6411854362,4124023.140194192,182.08
302642.530388685,4124022.477265478,182.32
302642.4982268311,4124022.046887374,182.87
302642.4596942706,4124021.61610396,183.97
302642.4187090994,4124021.181677492,183.9
302642.3669524215,4124020.761011939,185.21
302642.3158219395,4124020.335520724,185.97
302642.2584642524,4124019.915727017,186.01
302642.1934704026,4124019.498333294,187.47
302642.1270154184,4124019.081714076,187.6
302642.0522110998,4124018.668621832,188.98
302641.9697488792,4124018.263296132,189.83
302641.7317804983,4124017.856815979,190.8
302641.7878822434,4124017.449342384,191.81
302641.6849989415,4124017.050047944,192.99
302641.5714006585,4124016.654336103,194.08
302641.444943529,4124016.265402884,196.58
302641.3136768284,4124015.879543338,197.5
302641.1725083348,4124015.494101654,198.71
302641.022851343,4124015.118851522,200.06
302640.8637143675,4124014.749375384,201.71
302640.6936841143,4124014.382190788,203.76
302640.5123779014,4124014.026188466,205.17
302640.3229223715,4124013.675928853,207.05
302639.8591522533,4124013.336375206,208.67
302639.9110531553,4124012.995613406,210.82
302639.6894787407,4124012.669793671,212.53
302639.460211613,4124012.350261018,214.08
302639.220381696,4124012.040783659,216.27
302638.9739549096,4124011.740158125,217.37
302638.7190787536,4124011.445097324,219.57
302638.4512219788,4124011.164219467,221.46
302638.1808255921,4124010.888582347,223.33
302637.8976051268,4124010.627494565,225.54
302637.6086053408,4124010.37227881,226.75
302637.3162136154,4124010.123804124,228.05
302639.1480093208,4124009.831117809,229.48
302636.7138791133,4124009.654282758,231.59
302636.4033405773,4124009.433065052,232.95
302636.0873227707,4124009.224188587,235.04
302635.7661953237,4124009.024499056,236.73
302635.4389885056,4124008.836794802,238.17
302635.1091029185,4124008.660995867,240.1
302634.7758123577,4124008.491383206,241.86
302634.433637569,4124008.334006814,243.47
302634.0936457649,4124008.187681276,245.06
302633.7494575376,4124008.05163142,246.84
302633.4008119766,4124007.927343668,248.5
302629.4897229386,4124007.896077228,250.37
302632.6980893962,4124007.705726175,251.99
302632.3432600776,4124007.607859014,253.04
302631.9867565326,4124007.5205783,254.51
302631.6274872638,4124007.44150423,256.02
302631.2671134436,4124007.372078029,257.22
302630.9064178154,4124007.301549194,258.12
302630.5440349276,4124007.241052004,258.72
302630.1821042862,4124007.187205499,259.75
302629.8157641515,4124007.134572915,260.52
302629.4514939518,4124007.088182902,261.58
302629.0850972754,4124007.045728671,262.04
302630.698606264,4124006.963378684,262.79
302628.3473247585,4124006.9755552,263.31
302627.9741398923,4124006.94639821,264
302627.6023335363,4124006.91924422,264.4
302627.2281050012,4124006.896032965,265
302626.851332525,4124006.871586293,265.18
302626.4765343233,4124006.855604878,265.33
302626.1007750714,4124006.836500465,266.32
302625.721989186,4124006.82079789,266.48
302625.3444991877,4124006.809875802,266.59
302624.9661525121,4124006.800269131,267.48
302624.5864969029,4124006.791618435,267.13
302615.2402332256,4124006.996971972,267.81
302623.8247809024,4124006.778999552,267.67
302623.4443468941,4124006.774993119,268.15
302623.0640998762,4124006.772647632,268.05
302622.6798738739,4124006.770950839,268.31
302622.2951695225,4124006.767785022,268.49
302621.911678435,4124006.765885946,268.55
302621.5283656428,4124006.765277948,268.28
302621.1420696977,4124006.763629901,268.74
302620.7573914341,4124006.761573758,268.24
302620.3710824518,4124006.765662178,268.94
302619.9853996446,4124006.758633714,268.58
302628.3146273115,4124006.55388641,268.7
302619.2088113709,4124006.755246723,268.17
302618.8225328138,4124006.754338519,268.32
302618.4336102994,4124006.754232653,268.92
302618.043400602,4124006.756007438,268.65
302617.6553521573,4124006.755325944,268.69
302617.2644292708,4124006.751936521,268.67
302616.8764199642,4124006.75291947,268.58
302616.4855927523,4124006.753598631,269.28
302616.0968485308,4124006.754783933,268.53
302615.7000811099,4124006.754492606,268.97
302615.3069708697,4124006.752449967,268.7
302625.8856445872,4124006.49535655,268.57
302614.5210069628,4124006.752984615,269.51
302614.1313364733,4124006.752526464,267.94
302613.7402091996,4124006.753027773,268.32
302613.3415066392,4124006.752226956,269.15
302612.9454610822,4124006.751178637,268.87
302612.5540859376,4124006.753721228,269.35
302612.1603234066,4124006.755394801,269.43
302611.7562894722,4124006.766931827,269.13
302611.3650665146,4124006.763364699,268.6
302610.9716692517,4124006.761699085,268.52
302610.5751105555,4124006.763993598,269.35
302608.08331205,4124006.814822248,268.46
302609.7882290455,4124006.756963781,267.19
302609.3859693242,4124006.762167965,268.85
302608.9817484092,4124006.77833543,270.94
302608.5895643882,4124006.771645417,267.79
302608.1883135219,4124006.769424484,269.08
302607.7898414334,4124006.772134196,267.13
302607.3928174453,4124006.779805853,270.39
302606.9903881209,4124006.784088959,269.64
302606.5924813442,4124006.785675219,268.55
302606.1937700643,4124006.784504873,268.83
302605.7924365948,4124006.791352772,269.03
302604.6158716179,4124006.821058285,269.36
302604.9992887565,4124006.800938999,269.84
302604.5935240302,4124006.801784972,268.59
302604.1943256928,4124006.798775814,268.71
302603.7964884345,4124006.784447453,268.24
302603.3878493262,4124006.801459238,269.96
302602.9859417701,4124006.79018722,269.43
302602.5789594427,4124006.795872869,268.06
302602.1768214152,4124006.787381854,268.63
302601.7753879505,4124006.802558928,268.6
302601.3809948118,4124006.796291276,270.01
302600.9724382652,4124006.797943229,267.9
302600.7570427352,4124006.791536702,268.98
302600.1650225688,4124006.798428618,268.81
302599.7556136739,4124006.795289733,268.57
302599.342952037,4124006.798518598,268.71
302598.9338605953,4124006.796297468,267.75
302598.5223295852,4124006.797279348,268.96
302598.1159995236,4124006.799249147,268.99
302597.7052208303,4124006.800768484,268.9
302597.28739736,4124006.798382725,268.6
302596.8711568067,4124006.800400631,268.34
302596.4577254243,4124006.796061256,268.71
302596.0428111927,4124006.797862971,268.99
302595.7141517101,4124006.800041568,269.09
302595.2067381125,4124006.800133042,268.65
302594.7885754365,4124006.795905022,268.18
302594.3697953064,4124006.803163795,269.06
302593.9452967316,4124006.806301246,269.67
302593.522220173,4124006.813291034,269.53
302593.1022484903,4124006.81391659,268.86
302592.6776368231,4124006.812245823,268.06
302592.2495027851,4124006.811768137,269.07
302591.8232777872,4124006.810690466,268.24
302591.3983921606,4124006.809951387,268.91
302590.9736326349,4124006.808284183,268.5
302589.2340960909,4124006.840870596,269.03
302590.1143118313,4124006.809621242,268.75
302589.6853254319,4124006.804352792,267.38
302589.2601092964,4124006.802141306,269.07
302588.8285311345,4124006.799894436,268.65
302588.3974008799,4124006.797822091,267.52
302587.9655531099,4124006.796691824,269.02
302587.5248341289,4124006.789478996,267.78
302587.092177495,4124006.785407218,268.38
302586.6692704491,4124006.780736082,268.04
302586.2393708888,4124006.786961534,269.07
302585.8119891078,4124006.780730358,268.3
302596.8167630894,4124006.506732109,267.67
302584.9483891984,4124006.77624743,269.26
302584.5232165048,4124006.769594289,267.04
302584.0879463901,4124006.773910768,269.35
302583.6494017245,4124006.771087873,268.58
302583.2183714579,4124006.766978043,268.16
302582.7858713583,4124006.763272876,268.15
302582.3568675672,4124006.763556297,268.79
302581.9285073447,4124006.759753804,268.13
302581.5002601771,4124006.754468384,268.4
302581.0699735503,4124006.756817442,268.74
302580.6405827033,4124006.753224291,267.75
302574.7211546359,4124006.880242691,268.86
302579.7829534151,4124006.75100693,268.72
302579.353723465,4124006.74796517,268.34
302578.9227758658,4124006.753660538,268.68
302578.494115532,4124006.743389009,268.8
302578.0688863044,4124006.740623286,268.05
302577.6367906348,4124006.74153478,268.49
302577.2101655226,4124006.742317623,268.5
302576.7833577558,4124006.741624494,268.93
302576.3531493733,4124006.741011371,268.68
302575.9286724473,4124006.73878317,268.05
302575.4997903858,4124006.73795386,268.98
302582.5172780355,4124006.564385068,268.18
302574.6453877257,4124006.734550911,268.62
302574.2182711929,4124006.733310066,269.21
302573.79051975,4124006.730233812,268.18
302573.3610810706,4124006.730897992,268.49
302572.935938773,4124006.725539977,268.34
302572.5053651162,4124006.728266296,268.75
302572.081127336,4124006.723627194,268.76
302571.6504667237,4124006.728946111,268.8
302571.2249504617,4124006.726557557,268.56
302570.7963901904,4124006.726831135,269.05
302570.3672515088,4124006.721382215,268.19
302575.5219846819,4124006.587182358,268.14
302569.5031688234,4124006.721538133,269.15
302569.0771959461,4124006.71860532,268.18
302568.64627002,4124006.718934653,268.92
302568.2163268635,4124006.717020455,268.46
302567.7862141004,4124006.714185086,268.23
302567.3542445008,4124006.714168963,268.66
302566.9237577761,4124006.714303014,268.46
302566.4919968791,4124006.710581299,268.52
302566.0633452905,4124006.713262737,268.6
302565.6293056938,4124006.707004158,268.19
302565.1979057456,4124006.706049562,268.42
302568.2267149851,4124006.624072921,268.43
302564.3374584444,4124006.70352999,268.54
302563.9053148796,4124006.702407917,268.59
302563.4735887695,4124006.700165828,268.49
302563.0427454243,4124006.697717959,268.4
302562.612493494,4124006.695256201,268.46
302562.1803542684,4124006.694319151,268.53
302561.7515330069,4124006.689788384,268.23
302561.3176761016,4124006.691297255,268.49
302560.8875502616,4124006.687907437,268.51
302560.4562938008,4124006.686764673,268.75
302560.0258809529,4124006.683751724,268.16
302560.8794658847,4124006.652385599,268.39
302559.1640681379,4124006.679784514,268.64
302558.7332378292,4124006.677891667,268.51
302558.3002245235,4124006.677530485,268.52
302557.8698551723,4124006.676366985,268.4
302557.438172542,4124006.675974546,268.39
302557.0085293989,4124006.674238901,268.74
302556.5772598733,4124006.672541533,268.84
302556.1453858831,4124006.6703033,268.75
302555.7147512668,4124006.670441405,268.27
302555.28454716,4124006.670014296,268.79
302554.8525253717,4124006.674070841,269.09
302553.520810176,4124006.698921549,268.92
302553.9899864202,4124006.683258817,269.61
302553.5582907862,4124006.688603009,269.5
302553.1286650918,4124006.693898529,269.49
302552.6943733591,4124006.702079381,269.71
302552.2660479475,4124006.712340339,270.19
302551.8333783079,4124006.726589276,270.31
302551.4053573607,4124006.743504422,270.81
302550.9768798052,4124006.759875224,271.37
302550.5472934455,4124006.785708982,271.76
302550.1183507065,4124006.813748059,272.51
302549.6902385904,4124006.845653382,272.75
302546.2706716406,4124006.956443026,273.9
302548.8339406571,4124006.931485148,274.47
302548.4060810027,4124006.986699173,275.59
302547.9803130432,4124007.042789197,276.16
302547.5560106318,4124007.104580891,276.89
302547.1332694135,4124007.169851571,277.55
302546.7102151542,4124007.240680727,278.03
302546.2908312518,4124007.322895814,279.44
302545.8713169673,4124007.412145368,280.56
302545.4556165446,4124007.51259244,281.8
302545.0414425153,4124007.615039025,282.53
302544.6278295862,4124007.728759646,283.93
302539.9874775249,4124007.945245965,284.32
302543.80855762,4124007.979883526,286.22
302543.4102695449,4124008.122479432,288.36
302543.0151952919,4124008.282208133,290.37
302542.6316927971,4124008.449621187,292.25
302542.2471728871,4124008.63038081,293.41
302541.8687280815,4124008.81784388,294.98
302541.4959800743,4124009.014794836,296.3
302541.1300465065,4124009.224723078,297.83
302540.7722493516,4124009.447227432,300.21
302540.421540588,4124009.681777442,302.32
302540.0786464307,4124009.927800917,303.9
302539.1720896335,4124010.197631959,305.76
302539.4267472709,4124010.451802081,308.68
302539.120007921,4124010.731761867,310.67
302538.8223703463,4124011.021314467,312.69
302538.536704665,4124011.322982866,314.97
302538.2628194346,4124011.62862997,316.74
302538.0046285212,4124011.947415515,319.21
302537.7594749194,4124012.279587047,322.01
302537.5243797479,4124012.617998225,324.13
302537.2999692234,4124012.964114611,325.31
302537.0866869045,4124013.317925763,327.26
302536.8888813585,4124013.675628655,329.62
302537.5017439126,4124014.026472275,331.52
302536.5315340912,4124014.420295188,333.93
302536.3733708257,4124014.802970559,336.1
302536.2251833224,4124015.188371828,337.55
302536.0894850754,4124015.576439862,339.25
302535.9633929915,4124015.970388102,340.71
302535.8435759954,4124016.366964261,341.85
302535.7350654314,4124016.76623501,343.3
302535.6348389782,4124017.165495905,344.59
302535.5424923137,4124017.572713019,345.62
302535.4627087866,4124017.979449539,347.52
302535.3896134432,4124018.387509003,348.63
302537.5077599179,4124018.746792874,349.22
302535.2610303765,4124019.210060041,349.94
302535.2057687457,4124019.621585715,350.85
302535.1591217288,4124020.034574047,351.94
302535.1185714867,4124020.448899237,353.45
302535.0873838257,4124020.865039563,354.22
302535.063901906,4124021.281738748,355.36
302535.0434378813,4124021.694666206,355.77
302535.0261744842,4124022.111589167,356.07
302535.0134640633,4124022.527109759,356.91
302535.0047065843,4124022.947163262,357.52
302534.9983799336,4124023.363643888,357.68
302533.1345074183,4124023.826971333,357.91
302534.9916582254,4124024.203496974,358.42
302534.9927894017,4124024.616286454,358.84
302534.9913419705,4124025.038943527,358.56
302534.9905859453,4124025.459548934,358.55
302534.9911692992,4124025.880492903,358.69
302534.9935138298,4124026.300840331,358.94
302534.9966411349,4124026.723019705,359.1
302535.0031124877,4124027.142714936,359.52
302535.0087228341,4124027.56354064,359.39
302535.0146810957,4124027.986578595,359.44
302535.0186998696,4124028.408922037,359.26
302532.3572382625,4124028.894159656,359.28
302535.0240978371,4124029.254596198,359.04
302535.0271295079,4124029.678998261,359.03
302535.0276085322,4124030.101795051,358.8
302535.031479464,4124030.524141971,359.03
302535.0326760752,4124030.952287932,358.97
302535.0350945884,4124031.375779241,359.02
302535.0354649271,4124031.800243916,358.63
302535.0365919309,4124032.225430937,358.71
302535.0364274214,4124032.65231367,358.61
302535.03519749,4124033.077926212,358.5
302535.0349329158,4124033.500555462,358.72
302531.3993518513,4124034.018332841,358.75
302535.0322991839,4124034.356965661,358.41
302535.0282513678,4124034.782274426,358.1
302535.0271345653,4124035.212695254,358.46
302535.0260263977,4124035.637194717,358.46
302535.0242007977,4124036.068927475,358.41
302535.0192223641,4124036.492407774,357.9
302535.0179576469,4124036.916540847,358.32
302535.0138185506,4124037.344257236,358.53
302535.0128104576,4124037.77301018,358.3
302535.010976091,4124038.198081839,358.52
302535.0078676158,4124038.625588945,358.27
302530.0117431073,4124039.175005686,358.05
302535.0012027658,4124039.480428658,358.24
302534.9971202436,4124039.910549189,358.3
302534.9950293371,4124040.337292213,358.34
302534.9928688999,4124040.767367525,358.4
302534.9907128159,4124041.197627773,358.36
302534.9886262688,4124041.62455573,358.55
302534.9856917704,4124042.053168964,358.26
302534.9857099638,4124042.481527696,358.6
302534.9866239782,4124042.910235424,358.78
302534.9885555561,4124043.338179071,358.86
302534.9867299924,4124043.769911835,358.53
302528.7752893228,4124044.342740544,358.65
302534.9893624816,4124044.623792679,358.87
302534.9881718438,4124045.057360869,358.66
302534.9898468823,4124045.486975878,358.72
302534.9900085964,4124045.915146199,358.73
302534.9898093442,4124046.340549468,358.72
302534.986966236,4124046.77304632,358.35
302534.9892848225,4124047.19857539,358.86
302534.989642255,4124047.628776507,358.8
302534.9918478043,4124048.055788528,358.73
302534.9913616343,4124048.487859858,358.74
302534.9947630552,4124048.915398853,358.99
302527.7534752773,4124049.51615795,358.67
302534.9953083313,4124049.774879898,358.7
302534.9941263401,4124050.202526728,358.86
302534.9965189069,4124050.631199677,358.9
302534.9984679205,4124051.059883063,358.91
302535.0023390138,4124051.488521229,359.01
302535.0043315368,4124051.919053955,358.96
302535.0062805576,4124052.347737341,358.94
302535.0082208764,4124052.77605086,358.84
302535.0102959959,4124053.203806098,358.84
302535.0115797237,4124053.635650756,359
302535.0145289059,4124054.062830322,358.95
302526.8675561125,4124054.680827261,358.88
302535.0178355537,4124054.920211011,359.03
302535.0189583845,4124055.351504346,359.02
302535.0198550482,4124055.779472348,358.75
302535.0227781339,4124056.20554231,358.89
302535.0252229369,4124056.636434472,358.94
302535.0245889553,4124057.068509284,358.75
302535.0286861588,4124057.494181554,358.96
302535.0299220453,4124057.92399194,358.78
302535.0308926863,4124058.355103821,358.84
302535.0320589606,4124058.781955263,358.74
302535.034073272,4124059.213412663,359.06
302540.7714777018,4124059.506422848,358.72
302535.0381192195,4124060.070775967,358.94
302535.0400900276,4124060.500384028,358.96
302535.0397474152,4124060.932266953,358.75
302535.0444969534,4124061.360514385,359.12
302535.0439629824,4124061.790551449,358.66
302535.0452902546,4124062.224245452,358.84
302535.0469566648,4124062.653490602,358.83
302535.0459703661,4124063.076876999,358.75
302535.0472889422,4124063.510201135,359
302535.0496946172,4124063.939428896,358.72
302535.0510827329,4124064.369420741,358.89
302539.8489851733,4124064.68878916,358.93
302535.0542068825,4124065.231616683,358.83
302535.0550558083,4124065.663841651,358.75
302535.057409357,4124066.097141439,359.12
302535.0588061835,4124066.527503153,358.67
302535.0637079473,4124066.955932046,359.25
302535.0686358174,4124067.385470542,359.41
302535.0750857158,4124067.816823595,359.33
302535.082548825,4124068.247227629,359.63
302535.0922819201,4124068.679798694,0.02
302535.1039022835,4124069.110845068,0.06
302535.1170055139,4124069.54204159,0.46
302535.13057406,4124069.974152349,0.45
302535.1464821268,4124070.405097849,0.58
302535.1630251078,4124070.837878776,1.01
302535.1828164755,4124071.270398242,1.2
302535.200255195,4124071.697236931,1.08
302535.2235602,4124072.128193445,1.82
302535.2442299778,4124072.560322173,1.39
302535.2678263337,4124072.991086796,1.75
302535.2953277471,4124073.424350056,2.16
302535.322781298,4124073.85557904,2.24
302535.3512045484,4124074.284009666,2.46
302535.3800279253,4124074.716871753,2.49
302535.4105384987,4124075.145993416,2.64
302535.443336462,4124075.578021849,2.97
302535.4774476834,4124076.009279241,3.24
302535.5132417564,4124076.436611277,3.61
302535.5525886184,4124076.864044765,3.84
302535.5894742897,4124077.300047827,3.59
302535.6300387662,4124077.72893296,4.06
302535.6704771437,4124078.158746242,3.85
302535.7132376357,4124078.586654529,4.36
302535.7594596272,4124079.017071887,4.77
302535.806377363,4124079.445622516,4.76
302535.8543300586,4124079.874148794,5.03
302535.9007564493,4124080.306966817,5.1
302535.9497223448,4124080.734544076,5.05
302536.0008016704,4124081.16392198,5.69
302536.0533421003,4124081.592525362,5.42
302536.1103832627,4124082.017507168,6.23
302536.1663764822,4124082.448249755,6.1
302536.2240830057,4124082.876361524,6.19
302536.2841464475,4124083.304047773,6.72
302536.3431705723,4124083.731573437,6.39
302536.4031731738,4124084.162961843,6.6
302536.4624191059,4124084.593627908,7.01
302536.5272702634,4124085.017315756,6.9
302536.5933912438,4124085.444674456,7.59
302536.6559898906,4124085.873226245,6.92
302536.7234589263,4124086.301293376,7.49
302536.7878839931,4124086.732022631,7.36
302536.8529961,4124087.160515287,7.23
302536.9182125448,4124087.587155126,7.18
302536.9839639054,4124088.017668143,7.51
302537.0481714866,4124088.445441935,7.1
302537.1105179054,4124088.875850023,7.05
302537.1721641426,4124089.301648675,6.65
302537.2318405267,4124089.731749507,6.73
302537.2891599861,4124090.162275861,6.21
302537.3459054391,4124090.59355587,6.15
302537.4040815406,4124091.022766815,6.23
302537.4627446992,4124091.45381667,6.51
302537.5170984115,4124091.884042727,5.73
302537.568743015,4124092.318588356,5.55
302537.6231097726,4124092.749369215,5.75
302537.6695968977,4124093.178485093,4.98
302537.7206065772,4124093.611195297,5.4
302537.7704029836,4124094.042638792,5.22
302537.8196601956,4124094.476315408,5.23
302537.8674214856,4124094.909287072,4.82
302537.9141304111,4124095.34154335,4.84
302537.9604479911,4124095.776029272,4.79
302538.0482953346,4124096.642708282,4.33
302538.091616721,4124097.075599366,4.33
302538.1311679339,4124097.511724769,4.27
302538.1706321305,4124097.94415149,3.74
302538.2090266377,4124098.381414323,3.79
302538.2511216932,4124098.812483897,4.1
302538.2899988309,4124099.245109466,3.69
302538.3285455314,4124099.682553756,3.86
302538.3659789594,4124100.116693584,3.61
302538.4025557321,4124100.552148819,3.48
302538.4382931757,4124100.983367965,3.21
302537.342297638,4124053.202603307,3.65
302538.5124077056,4124101.851110211,3.64
302538.5488279188,4124102.286199058,3.38
302538.5877267926,4124102.719749301,3.66
302538.6253080583,4124103.153885651,3.84
302538.664659182,4124103.587795328,3.65
302538.7099200016,4124104.021380934,4.48
302538.7529629737,4124104.448727482,4.32
302538.803816025,4124104.881071305,5.19
302538.852855703,4124105.311792464,5.25
302538.9054394548,4124105.742245208,5.6
302538.9618803842,4124106.173162315,6.25
302539.0229829337,4124106.601009171,280619
302539.0909779193,4124107.026288399,7.42
302539.1625822381,4124107.454073222,8.08
302539.245675348,4124107.873446156,9.6
302539.3298599754,4124108.295198885,9.710000000000001
302539.4214371478,4124108.716777696,10.9
302539.5298692605,4124109.131668734,13.43
302539.6431935004,4124109.546999791,12.87
302539.764301628,4124109.959927285,15.4
302539.9055912974,4124110.36294313,16.96
302540.0605743908,4124110.750648875,21
302540.2201541309,4124111.1576753,20.41
302540.3911312913,4124111.552406223,22.14
302540.5766064585,4124111.940874903,24.36
302540.7718048216,4124112.315052073,25.22
302540.9842843347,4124112.688082543,28.47
302541.2099397443,4124113.042669472,30.37
302541.4425529091,4124113.403754028,31.63
302541.6839717767,4124113.755564645,32.76
302541.9355530372,4124114.092888385,34.6
302542.20251498,4124114.417452848,37.49
302542.4848577569,4124114.741840504,39.38
302542.7723752168,4124115.059815194,40.71
302543.0732207753,4124115.35952781,43.33
302543.3736794676,4124115.674237481,42.09
302543.6877488323,4124115.963832087,45.13
302544.009867237,4124116.243430413,48.29
302544.3465748599,4124116.508067658,50.41
302544.6835737379,4124116.766221788,50.25
302545.0324570123,4124117.007628105,53.28
302545.3915506065,4124117.242873067,56.18
302545.7517790601,4124117.469764709,56.47
302546.1229483164,4124117.683816504,57.37
302546.501957856,4124117.88528643,60.97
302546.8847634259,4124118.065757961,62.42
302547.2746048441,4124118.23718224,64.47
302547.6644765612,4124118.397318607,66.03
302548.0630365874,4124118.549479067,66.90000000000001
302548.4635793564,4124118.685309702,69.72
302548.8689097579,4124118.810850724,71.14
302549.2778536159,4124118.920208595,73.03
302549.6903152893,4124119.015606001,75.93000000000001
302550.1070601424,4124119.098135154,76.94
302550.5243570892,4124119.166403542,78.81
302550.9458634001,4124119.231242269,80.17
302551.3714224441,4124119.285993715,80.81
302551.7951202626,4124119.337088238,81.61
302552.224801582,4124119.378420133,82.98999999999999
302552.6518562475,4124119.408711657,83.95999999999999
302553.0783629444,4124119.434575222,84.97
302553.5061480871,4124119.458188297,85.65000000000001
302553.9350377917,4124119.484735992,85.3
302554.3640535236,4124119.504064325,85.52
302554.7962045115,4124119.518322944,86.34999999999999
302555.2281555018,4124119.536657089,86.56
302555.6602238882,4124119.553693238,86.22
302556.0940664156,4124119.56439644,87.11
302556.5268740481,4124119.581415245,86.65000000000001
302556.9602817219,4124119.592498794,86.95
302557.3962201944,4124119.597971738,87.52
302557.8318238721,4124119.60807849,87.58
302558.2666056943,4124119.620980142,87.14
302558.7025616229,4124119.633484125,86.98999999999999
302559.1393699136,4124119.650779025,86.45999999999999
302559.5724994587,4124119.681483102,84.69
302560.0043202132,4124119.725725643,83.63
302560.4363715337,4124119.779769707,81.2
302560.8618871372,4124119.851545992,80.28
302561.2876855095,4124119.935343007,77.47
302561.7087396511,4124120.024987775,77.48
302562.1298982534,4124120.12536221,76.31999999999999
302562.5460995762,4124120.235105097,75.09999999999999
302562.9597005398,4124120.353790919,72.70999999999999
302563.3759759133,4124120.479260192,71.62
302563.7880462583,4124120.608344093,71.28
302564.2010689462,4124120.740181157,71.94
302564.6148265808,4124120.87810715,70.09999999999999
302565.0270317376,4124121.012924066,70.04000000000001
302565.4350667255,4124121.159126312,69.44
302565.8424841883,4124121.304232886,69.38
302566.2532455995,4124121.440564111,69.5
302566.6633329933,4124121.579686755,70.31999999999999
302567.0740334701,4124121.713428942,70.68000000000001
302567.4862689368,4124121.843249279,71.04000000000001
302567.9014830459,4124121.961342278,72.08
302568.3170275858,4124122.074616582,73.39
302568.735355129,4124122.180423986,73.95999999999999
302569.149573281,4124122.28762333,74.48
302569.567970341,4124122.390098485,74.93000000000001
302569.9875065896,4124122.47811403,75.83
302570.4074951343,4124122.572780265,76.20999999999999
302570.8289925205,4124122.656123811,77.29000000000001
302571.2527424037,4124122.734603448,77.76000000000001
302571.6745093146,4124122.810539243,78.59
302572.0992070292,4124122.87271343,79.31
302572.5186996139,4124122.946297291,79.91
302572.947119522,4124122.990620479,82.16
302573.3702082032,4124123.047281487,80.93000000000001
302573.7906573103,4124123.104929787,81.16
302574.2199294558,4124123.141461466,82.73
302574.6437703648,4124123.192368717,82.39
302575.0751950595,4124123.232365495,82.29000000000001
302575.5007970679,4124123.276385021,83.72
302575.924868413,4124123.324511372,81.87
302576.35184027,4124123.37645528,82.27
302576.7791685665,4124123.412107629,82.69
302577.2042138979,4124123.451329389,83.87
302577.6300811301,4124123.494047528,82.8
302578.0553873067,4124123.525491669,84.40000000000001
302578.4804021725,4124123.563418956,83.53
302578.904025527,4124123.60507972,83.09999999999999
302579.3313407449,4124123.640177397,83.67
302579.7576732027,4124123.677518645,83.90000000000001
302580.184257859,4124123.713003621,83.72
302580.6105294075,4124123.747755837,84.02
302581.0356746952,4124123.784940039,83.8
302581.4617462312,4124123.8237678,83.69
302581.886269607,4124123.853380184,84.34
302582.3117192341,4124123.884636128,84.28
302582.7366036001,4124123.923306842,83.68000000000001
302583.1634490779,4124123.951014306,84.45
302584.011787036,4124124.017842425,83.86
302584.4366234427,4124124.041896484,85.20999999999999
302584.8595204293,4124124.071547269,84.48
302585.2843394748,4124124.101152868,84.67
302585.708480116,4124124.127073719,85.11
302586.1347211109,4124124.154240442,84.53
302586.5584747384,4124124.182575909,85.26000000000001
302586.9818891629,4124124.209069012,85.03
302587.4079170506,4124124.233465268,84.70999999999999
302587.8307444112,4124124.260157259,85.58
302588.2559069335,4124124.285499093,85.14
302589.1074408308,4124124.330973374,85.65000000000001
302589.536129971,4124124.349015909,85.88
302589.9630057118,4124124.359144555,86.59999999999999
302590.3880116258,4124124.377828871,86.45999999999999
302590.8161180525,4124124.396255249,86.62
302591.2408021985,4124124.420128195,85.87
302591.6717786401,4124124.434786385,85.88
302592.0986500583,4124124.45102144,87.01000000000001
302592.530217895,4124124.465665766,86.47
302592.964216516,4124124.470446015,87.48
302593.3951494497,4124124.483254955,87.39
302593.8228687717,4124124.491513591,86.84
302594.2495966358,4124124.501645933,87.95999999999999
302594.6805468887,4124124.502612208,87.89
302595.1137235984,4124124.503896213,88.31
302595.5414819929,4124124.501236877,88.45
302595.9714538272,4124124.5046317,88.34999999999999
302596.4060133894,4124124.508103682,87.95999999999999
302596.846595677,4124124.509768706,88.45999999999999
302597.2811812958,4124124.508059105,89.41
302597.7123619975,4124124.506244569,89.06
302598.1424859935,4124124.503529727,88.54000000000001
302598.5732970435,4124124.498578314,89.59999999999999
302589.8037161281,4124124.712794764,88.78
302599.4388589579,4124124.492653691,89.13
302599.8700613354,4124124.479181471,89.67
302600.3045468749,4124124.46692731,90.19
302600.7427895763,4124124.457175314,89.94
302601.1794146181,4124124.447831461,89.86
302601.6121955403,4124124.438578039,89.83
302602.0426064963,4124124.429195344,90.12
302602.4761527393,4124124.41474295,90.20999999999999
302602.9069637558,4124124.403500526,90.3
302603.3348221038,4124124.392512603,90.47
302603.768198747,4124124.377139085,90.12
302604.1999925242,4124124.363653179,90.31
302604.6339083759,4124124.346046588,90.79000000000001
302605.0688983293,4124124.330080087,91.03
302605.5001007318,4124124.322899388,89.98999999999999
302605.9365691927,4124124.30689816,90.41
302606.3681368332,4124124.290087029,90.88
302606.8019526763,4124124.274518303,90.89
302607.2355467327,4124124.255809198,90.22
302607.669158187,4124124.237839851,91.44
302608.104361205,4124124.218352806,91.14
302608.5366289836,4124124.206151229,90.16
302608.9719624554,4124124.185921016,91.14
302609.4077351574,4124124.171786692,90.48999999999999
302609.8442775328,4124124.152638311,90.90000000000001
302610.2785890996,4124124.132987309,91.34
302610.7157968149,4124124.116968941,90.84
302611.1542134107,4124124.095741151,90.88
302611.5896990852,4124124.075692532,91.61
302612.0280113461,4124124.062608837,90.34
302612.467306375,4124124.047281617,90.61
302612.9043010029,4124124.028492832,90.91
302613.338873503,4124124.013646794,90.95999999999999
302613.7735199169,4124123.995653425,91.08
302614.2181201742,4124123.979461386,90.52
302614.6592242034,4124123.965572029,89.97
302615.0970363938,4124123.956386018,90.31999999999999
302615.5365445089,4124123.943829491,90.03
302615.976161332,4124123.929605107,90.43000000000001
302616.4190352199,4124123.915489184,90.15000000000001
302616.8577345352,4124123.912573634,89.51000000000001
302617.2965425355,4124123.901698992,89.93000000000001
302617.7384336794,4124123.896117918,89.19
302618.1795768658,4124123.890184384,89.39
302618.6220289654,4124123.883294911,89.44
302619.0640505583,4124123.876970694,89.48
302619.5044588559,4124123.877530782,89.17
302619.9468587819,4124123.874713402,88.43000000000001
302620.3862060454,4124123.880479504,88.61
302620.8298148696,4124123.87874396,88.45999999999999
302621.2731584286,4124123.87830993,88.86
302621.7137841554,4124123.881825601,87.76000000000001
302622.1566493867,4124123.88621381,88.5
302622.6008930941,4124123.886313791,88.48999999999999
302623.0426668326,4124123.888322243,87.92
302623.4864843949,4124123.895463671,88.22
302623.928797341,4124123.895239055,88.37
302624.3751848853,4124123.898434329,87.90000000000001
302624.8168325233,4124123.907662255,88.22
302625.261685022,4124123.908488207,87.63
302625.7044632727,4124123.915469154,88.63
302626.147867714,4124123.92391569,86.84999999999999
302626.5890848234,4124123.927417709,88.56
302627.0216526655,4124123.934268764,88.03
302627.4498676021,4124123.938446658,87.7
302627.8642932767,4124123.941283516,88.09
302628.2706697896,4124123.947825365,88.01000000000001
302628.6752068549,4124123.951634947,87.72
302629.0641674153,4124123.959881638,87.8
302629.4469878139,4124123.964942087,88.03
302629.820219657,4124123.971153214,87.2
302630.1828932123,4124123.975022136,88.39
302630.5360086417,4124123.975045043,88.08
302630.8730822708,4124123.978590809,88.51000000000001
302631.2040766164,4124123.975248171,89.26000000000001
302631.5257911425,4124123.967312823,89.76000000000001
302631.8346165527,4124123.95227913,90.33
302632.1328401879,4124123.933053883,92.77
302632.4205490261,4124123.913335762,92.41
302632.7001521523,4124123.882336013,94.56
302632.9691622104,4124123.853805808,95.45999999999999
302633.2230045034,4124123.809349093,96.56
302633.4743724733,4124123.7666159,97.77
302633.7131774754,4124123.718071938,100.2
302633.9421460661,4124123.679011102,98.8
302634.1658616048,4124123.636743143,98.41
302634.3755400146,4124123.588884118,102.24
302634.579117417,4124123.545794469,100.29
302634.7699840058,4124123.50947999,99.73999999999999
302634.9530014548,4124123.466503748,101.2
302635.1245691699,4124123.421021206,102.23
302635.2851611513,4124123.386898937,103.26
302635.4363689476,4124123.343745529,102.71
302635.5755921519,4124123.313086332,103.47
302635.7148283971,4124123.276690708,103.25
302635.8368313407,4124123.249767103,103.48
302635.9599605505,4124123.214120312,100.85
302636.0835985473,4124123.181237102,102.77
302636.2033011121,4124123.157143138,101.34
302636.3261737712,4124123.135750176,99.8
302636.4509597987,4124123.113942151,97.95
302636.5821860338,4124123.101789607,95.88
302636.7129208776,4124123.081321988,94.58
302636.8412814253,4124123.073122596,95.06999999999999
302636.9788348112,4124123.065817256,92.34999999999999
302637.1180493446,4124123.059953144,88.84
302637.2568725118,4124123.062609907,90.93000000000001
302637.3964131914,4124123.064324616,86.51000000000001
302637.5386891127,4124123.069120628,85.81
302637.678108045,4124123.090822117,83.55
302637.8216406976,4124123.098734198,83.47
302637.9654603638,4124123.118851921,80.72
302638.1105063142,4124123.134499941,80.95
302638.2518951478,4124123.170772983,77.2
302638.3910488217,4124123.206358441,74.16
302638.5350989584,4124123.236277676,76.19
302638.6699606173,4124123.278070259,71.48999999999999
302638.8063573103,4124123.32223222,72.09
302638.9430236139,4124123.371568858,70.59
302639.0750021829,4124123.42915732,64.88
302639.2066676549,4124123.486013005,63.53
302639.3339628298,4124123.545746998,64.48999999999999
302639.4639062746,4124123.611154845,64.03
302639.5919233114,4124123.682714187,58.69
302639.7149482101,4124123.762162441,55.78
302639.8405213623,4124123.849322298,56.71
302639.962946163,4124123.934705826,51.02
302640.0855709954,4124124.028596316,54.63
302640.2051605358,4124124.125518763,49.08
302640.3274157388,4124124.228854798,49.26
302640.4468139419,4124124.330222616,46.18
302640.5607329694,4124124.443931667,46.2
302640.6738996992,4124124.563394532,42.18
302640.7794955921,4124124.675448936,41.27
302640.8792165978,4124124.795598045,39.51
302640.9775721548,4124124.926881434,36.57
302641.0703920043,4124125.049228219,35.32
302641.1593546871,4124125.177401826,33.84
302641.2437339955,4124125.311974441,30.65
302641.3220731659,4124125.441323037,28.36
302641.3987729305,4124125.576446304,28.55
302641.4704283738,4124125.717239275,26.75
302641.5340042142,4124125.854151433,23.84
302641.5929488419,4124125.995428324,21.17
302641.6905868985,4124126.278643338,15.89
302641.7363075825,4124126.417455639,15.46
302641.7712482092,4124126.563367767,13.63
302641.7914559479,4124126.699264297,5.1
302641.813868403,4124126.834553878,6.6
302641.8284708608,4124126.983719786,5.69
302641.8393422638,4124127.118910672,2.7
302641.8539621144,4124127.256233853,4.17
302641.8546318234,4124127.40424709,359.53
302641.847456747,4124127.545783485,356.73
302641.8404121253,4124127.680285438,355.75
258425.1267668742,-1411321.371519827,353.26
302641.8051802405,4124127.96236896,351.69
302641.78198076,4124128.101876689,349.49
302641.7589291332,4124128.235089708,349.88
302641.7253888038,4124128.368919436,344.75
302641.6815467667,4124128.498735566,339.07
302641.6429229874,4124128.636570589,346.5
302641.5962152589,4124128.764048634,335.56
302641.5395928418,4124128.897680977,339.09
302641.4769520389,4124129.0333052,333.61
302641.4087537842,4124129.165359382,336.69
302641.3320149915,4124129.305385907,329.38
258424.3601646572,-1411319.783184831,325.62
302641.1556292534,4124129.580056476,327.23
302641.0568520245,4124129.713939921,322.97
302640.9526869475,4124129.85146575,319.15
302640.8313277134,4124129.993836758,321.2
302640.7062852627,4124130.124267023,312.61
302640.5750722252,4124130.250216483,316.05
302640.433574875,4124130.379183318,308.74
302640.2829194856,4124130.502444343,310.31
302640.1231277972,4124130.614632997,301.79
302639.9573177185,4124130.722522303,302.54
302639.7809841671,4124130.835840081,298.79
258422.2863260671,-1411318.354729955,297.12
302639.4070048126,4124131.018012995,296.23
302639.2102765681,4124131.107015506,291.16
302639.0105086933,4124131.192573807,292.67
302638.7948338279,4124131.274805439,288.26
302638.5795764318,4124131.349625806,287.87
302638.360827141,4124131.4143513,285.35
302638.1238052564,4124131.47580575,283.88
302637.886300679,4124131.529314998,281.75
302637.6435604531,4124131.57406563,279.34
302637.3909098789,4124131.61257304,276.83
302637.1370938891,4124131.639265544,276.51
258418.9235943981,-1411317.704817424,275.61
302636.6069886232,4124131.699470265,274.52
302636.3335171971,4124131.72070383,272.76
302636.0517226553,4124131.746573991,274.85
302635.7679060177,4124131.749362183,269.21
302635.474874823,4124131.762914128,271.88
302635.1796389042,4124131.770781807,270.09
302634.8751492638,4124131.762583908,267.93
302634.5673286478,4124131.770007394,268.51
302634.255085539,4124131.759216298,267.59
302633.9354107651,4124131.753225878,267.46
302633.6126833094,4124131.743236457,267.19
258414.5317502957,-1411317.767584587,266.71
302632.9538913642,4124131.703402327,265.51
302632.6165440809,4124131.688205647,264.62
302632.2730740496,4124131.683144917,267.88
302631.9322392382,4124131.676912014,267.79
302631.583407453,4124131.676603304,269.08
302631.2354584313,4124131.682380046,268.69
302630.8818171446,4124131.678853808,269.06
302630.5262711957,4124131.676112521,267.54
302630.1692206461,4124131.672296412,268.35
302629.8163142711,4124131.674859136,268.78
302629.458694072,4124131.678272868,269.1
258409.4117719727,-1411317.961286182,269.73
302628.7352740507,4124131.683257328,268.88
302628.3684610315,4124131.692068299,269.64
302628.0020567588,4124131.693098148,269.38
302627.628607842,4124131.696514114,269.5
302627.2534890812,4124131.698119001,269.36
302626.8763134792,4124131.712909848,269.95
302626.4983072878,4124131.717543248,269.92
302626.1188921797,4124131.731461612,270.48
302625.7403380903,4124131.744249527,270.74
302625.3572354054,4124131.752333482,270.22
302624.9719845441,4124131.763428554,270.67
258403.8827898606,-1411318.026249748,269.52
302624.1901157214,4124131.786626205,270.89
302623.789140521,4124131.802161909,270.72
302623.3879174597,4124131.819738858,270.99
302622.9833764511,4124131.83461831,271.4
302622.5777352681,4124131.853039341,271.13
302622.1675802849,4124131.86823589,271.09
302621.7648004387,4124131.882518876,271.66
302621.3525364205,4124131.902390968,270.71
302620.938863504,4124131.931548028,272.04
302620.5259950399,4124131.950879267,272.22
302620.1072213027,4124131.98959317,273.51
258397.8897353876,-1411317.93786326,273.08
302619.2716871902,4124132.05827699,272.43
302618.8564575284,4124132.096722576,274.2
302618.4396624156,4124132.144086738,275.54
302618.0206104293,4124132.196129903,274.01
302617.6002800165,4124132.263006055,276.56
302617.1888901928,4124132.320050084,277.73
302616.7661159403,4124132.396235565,277.41
302616.3530606888,4124132.470527175,278.94
302615.9431668234,4124132.540858697,279.32
302615.5254804402,4124132.632097562,280.02
302615.1124339723,4124132.725632801,281.32
258391.7624265761,-1411317.310569451,283.04
302614.3053095141,4124132.939272543,284.69
302613.8923501455,4124133.061671453,284.44
302613.4903708308,4124133.172895018,285
302613.0894352438,4124133.30333783,286.7
302612.7022498,4124133.439748521,288.32
302612.3005316119,4124133.599815582,289.65
302611.9059493611,4124133.7487977,289.32
302611.5217906243,4124133.906971549,291.11
302611.1316788351,4124134.088785024,293.07
302610.7537168577,4124134.258840532,294.05
302610.3866003034,4124134.462317598,295.94
258385.9562906564,-1411315.627882201,297.63
302609.6679089771,4124134.875937642,300.09
302609.319247803,4124135.103035436,300.59
302608.9836062477,4124135.342779587,303.31
302608.6547919615,4124135.589764638,305.78
302608.3368056056,4124135.844266573,306.45
302608.0238636659,4124136.118263728,310.43
302607.7219583728,4124136.396072134,311.59
302607.4340598105,4124136.684468274,313.23
302607.1578763147,4124136.986651662,316.06
302606.8983434339,4124137.292329225,318.18
302606.6418850159,4124137.602930471,318.77
258381.4077942457,-1411312.499591022,322.71
302606.1726452618,4124138.276026142,325.01
302605.9570459784,4124138.619343067,327.08
302605.7465953573,4124138.955137458,326.53
302605.554413148,4124139.325474063,330.03
302605.374111131,4124139.685169235,331.99
302605.2133905762,4124140.03459696,333.99
302605.0559360023,4124140.42854162,335.64
302604.9252640069,4124140.797616638,339.41
302604.8038414841,4124141.188863514,340.72
302604.6833669357,4124141.57638737,341.09
302604.5777643433,4124141.948388483,343.49
258378.9074904826,-1411308.169574631,345.23
302604.4065660428,4124142.745480397,346.92
302604.3309294273,4124143.14619752,347.64
302604.2746264007,4124143.538688416,350.26
302604.221810959,4124143.94108925,350.87
302604.171113305,4124144.351766907,351.68
302604.1324871649,4124144.753648989,353.15
302604.1058760897,4124145.163205051,354.74
302604.0814306102,4124145.57678098,355.47
302604.0644776619,4124145.988145292,356.33
302604.0465897401,4124146.391204963,355.94
302604.0363466077,4124146.804816941,356.99
258378.1641051419,-1411303.337541591,358.3
302604.0293233056,4124147.606929402,357.85
302604.0298253812,4124148.011962032,359.06
302604.0323886645,4124148.416576113,358.99
302604.0355389703,4124148.814700118,359.03
302604.0372238517,4124149.21970493,359.06
302604.0375823994,4124149.61863474,358.61
302604.0425678068,4124150.019306093,359.35
302604.0448049178,4124150.416341359,359
302604.0528473032,4124150.808614183,359.86
302604.0619942387,4124151.203821611,0.23
302604.0730805616,4124151.587141103,0.12
532923.8849459277,68774531991906.02,359.82
302604.0865344222,4124152.360461416,359.64
302604.0885105729,4124152.746400643,358.72
302604.0890647677,4124153.134778786,358.84
302604.0975202334,4124153.519455408,359.64
302604.1033883082,4124153.901047267,359.68
302604.1119959498,4124154.279614114,359.87
302604.1154331791,4124154.6584876,359.06
302604.116074306,4124155.037981955,358.79
302604.1143280817,4124155.416607278,358.89
302604.1164085364,4124155.788111223,358.6
302604.1224157369,4124156.163038505,359.77
711926.3903863779,68774577672574.95,359.42
302604.1282117052,4124156.906378014,358.5
302604.1241085505,4124157.279137609,358.47
302604.1209533656,4124157.648174183,358.23
302604.1159413368,4124158.013738741,357.7
302604.111190216,4124158.377816871,358.08
302604.1054389426,4124158.743398813,357.69
302604.0936953726,4124159.105791037,357.24
302604.0808211989,4124159.470430287,356.52
302604.0689601981,4124159.827829293,356.4
302604.0548553512,4124160.184170853,356.28
302604.0406417722,4124160.535889065,356.69
747689.7642237128,68774621190247.75,355.77
302604.0031088364,4124161.248421391,355.85
302603.975171302,4124161.601572596,354.62
302603.9480294978,4124161.94452809,354.03
302603.9232489855,4124162.293534246,354.44
302603.8940590361,4124162.637463093,354.23
302603.8630557776,4124162.986060495,353.64
302603.8342136656,4124163.31961913,353.68
302603.7989966685,4124163.665170018,352.94
302603.7620228761,4124164.011502373,352.82
302603.7289018221,4124164.345531718,353.22
302603.6890188485,4124164.687676658,351.82
742600.1336868783,68774662408231.17,351.89
302603.6082613287,4124165.34867529,351.97
302603.5670737816,4124165.685669897,352.25
302603.5187459113,4124166.014690845,350.96
302603.4763798558,4124166.33931574,350.56
302603.4284520843,4124166.67276815,351.57
302603.3828202923,4124166.996914744,349.88
302603.3367927962,4124167.323106047,350.67
302603.2838250549,4124167.649830651,350.28
302603.233183744,4124167.968543978,349.54
302603.1817379744,4124168.290791918,349.84
302603.1298617098,4124168.613605092,349.92
747340.3880940223,68774701452348.84,349.14
302603.0267005288,4124169.246635062,349.7
302602.9734457845,4124169.567445259,349.4
302602.9211955162,4124169.880645346,348.53
302602.8642575864,4124170.202097279,349.2
302602.8068108619,4124170.520785635,348.33
302602.7501729212,4124170.829833081,348.09
302602.6904693512,4124171.153200426,348.45
302602.6347707146,4124171.464446219,348.37
302602.5776762245,4124171.779240532,348.03
302602.5180857243,4124172.101124929,348.22
302602.4547163731,4124172.425873748,348.28
739568.6144030037,68774739465753.75,348.29
302602.3351484264,4124173.078348354,348.02
302602.2706876374,4124173.407008608,347.83
302602.2045309759,4124173.745330637,347.81
302602.1420662228,4124174.083380798,348.02
302602.0782056163,4124174.424979482,348.15
302602.0112315048,4124174.772572551,347.77
302601.9477927441,4124175.119527368,348.19
302601.8832407895,4124175.469468946,348.05
302601.8200064723,4124175.825115663,348.49
302601.7560807577,4124176.182814039,348.85
302601.6936292009,4124176.540292708,348.34
747626.052842584,68774780929084.16,348.58
302601.5694045987,4124177.277808523,349.55
302601.5090621741,4124177.649485386,350.04
302601.4437102957,4124178.02831145,349.33
302601.3832461681,4124178.407392629,349.01
302601.3245910407,4124178.787911553,350.19
302601.2690929932,4124179.176867895,350.35
302601.2158083876,4124179.571878377,350.99
302601.162675954,4124179.960779084,351.07
302601.1079128614,4124180.355824341,350.58
302601.0571374092,4124180.75688201,351.13
302601.0088667787,4124181.170093164,351.78
632815.7319573825,68774827475102.36,352.25
302600.9137170436,4124181.992782018,351.55
302600.8652507358,4124182.403962377,351.71
302600.8207242921,4124182.831703343,352.12
302600.7787504115,4124183.254758363,353.36
302600.7369026359,4124183.676885238,352.38
302600.6960508125,4124184.1224883,353.61
302600.6506764426,4124184.551914535,352.42
302600.6108508823,4124184.99712339,353.36
302600.5752042595,4124185.443899285,354.14
302600.5376747125,4124185.886093557,352.83
302600.5034545198,4124186.349489172,354.36
258477.2133615011,68774879647531.93,352.34
302600.4306959482,4124187.256213007,353.08
302600.3972976618,4124187.723104983,354.68
302600.3621208347,4124188.189853753,355.04
302600.3295748609,4124188.655245392,352.81
302600.2989509366,4124189.120591828,354.45
302600.2656353532,4124189.597288785,353.87
302600.2383380391,4124190.059411364,355.5
302600.2148805786,4124190.540132297,355.34
302600.1860526234,4124191.006361676,354.84
302600.1616645431,4124191.478962902,356.39
302600.1359675717,4124191.952520093,354.48
669194.7085890481,68774935851189.54,355.57
302600.0840083038,4124192.89446676,355.64
302600.0619553562,4124193.359426577,354.34
302600.0386674936,4124193.834777473,356.74
302600.0247462398,4124194.293254802,356.33
302599.9954139575,4124194.769488009,355.57
302599.9786662078,4124195.233582905,356.06
302599.9574960306,4124195.698336927,354.73
302599.9410049186,4124196.173342933,357.02
302599.917703998,4124196.641847795,354.75
302599.9080617429,4124197.106145648,358.22
302599.8849390922,4124197.569650339,354.82
466645.6047829699,68774991909448.16,357.59
302599.8579664291,4124198.49842687,355.97
302599.8446323019,4124198.962996594,357.96
302599.8357814694,4124199.423205036,357.44
302599.818403256,4124199.891940674,356.79
302599.8047734041,4124200.350226119,356.37
302599.7965444273,4124200.81171519,357.88
302599.7754090983,4124201.27794869,355.74
302599.7712373033,4124201.742117882,356.79
302599.7617863984,4124202.201970367,359.03
302599.7483044515,4124202.666543572,355.48
302599.7396579995,4124203.122861447,356.87
364454.3258095281,68775047346867.13,358.56
302599.7171425766,4124204.039875869,355.19
302599.7085439463,4124204.491936786,357.6
302599.7058766888,4124204.944598343,358.61
302599.6925816836,4124205.39825001,355.26
