302469.6206149659,4123728.309003025,28.31
302469.7792406286,4123728.58708065,28.23
302469.9391144155,4123728.86790445,28.37
302470.0986881279,4123729.14855028,28.24
302470.2579661157,4123729.429203069,28.23
302470.4170353131,4123729.707270266,28.43
302470.5758261887,4123729.986084161,28.31
302470.7337995367,4123730.267877877,27.83
302470.892716493,4123730.545763626,28.6
302471.0556821697,4123730.825959579,28.47
302471.2169604763,4123731.103604732,28.92
302471.3748120376,4123731.386511541,27.76
302471.5337594165,4123731.665691839,28.15
302471.6930547215,4123731.94708439,28.23
302471.8511715075,4123732.228689711,28.23
302472.0092230024,4123732.507521027,28
302472.1677659333,4123732.788376179,28.17
302472.3285006099,4123733.068069541,28.17
302472.4847604809,4123733.352494112,27.84
302472.6413725269,4123733.633024637,27.44
302472.7979367962,4123733.917812124,27.68
302472.9537487116,4123734.202062207,27.25
302473.1117045032,4123734.483116228,27.76
302473.2695472417,4123734.765653201,27.73
404652.2596998307,68770329480353.3,27.89
302473.5844324737,4123735.328155477,28.26
302473.7402661007,4123735.613330244,27.47
302473.8963736711,4123735.897573384,27.35
302474.0550991539,4123736.179904561,27.91
302474.2088061683,4123736.462723904,27.01
302474.3669445518,4123736.745253937,27.9
302474.5250916309,4123737.028153842,27.77
302474.6828342916,4123737.312728592,27.67
302474.8404290851,4123737.597306822,27.68
302474.9987196374,4123737.880018322,27.72
302475.1530137709,4123738.168930062,27.1
157330630.7312878,61473316.48865124,27.98
302475.4694948372,4123738.736390825,27.43
302475.6279723743,4123739.02076326,27.59
302475.7835971895,4123739.309643699,27.33
302475.9414267036,4123739.591625915,27.41
302476.0992866672,4123739.874902672,27.75
302476.2563943801,4123740.16393326,27.54
302476.4164504341,4123740.446233163,27.98
302476.5741929723,4123740.730807944,27.37
302476.7299306712,4123741.011914213,27.7
302476.8882950821,4123741.297769621,27.57
302477.0469029793,4123741.581398865,27.47
302477.2049586007,4123741.866706435,280619
302477.3650494053,4123742.150485827,28.12
302477.5232746198,4123742.436714592,27.27
302477.6807561913,4123742.722775822,27.68
302477.8389944405,4123743.009559395,27.58
302477.9938145527,4123743.295683256,27.08
302478.1509742655,4123743.580641848,27.32
302478.3111346336,4123743.867380199,28.1
302478.4676854914,4123744.151612978,27.4
302478.6257845386,4123744.43876991,27.87
302478.7844097319,4123744.723138921,27.34
302478.943104541,4123745.010466875,27.8
302479.1014122395,4123745.293918178,27.1
302479.2568106454,4123745.579473343,27.3
302479.4153662728,4123745.867174653,27.53
302479.5726693986,4123746.151944855,27.72
302479.7311684302,4123746.43724203,27.66
302479.8878278906,4123746.719806947,27.56
302480.0453658779,4123747.008272359,27.5
302480.2041736528,4123747.294117385,27.58
302480.3617724447,4123747.578880643,27.61
302480.5188928406,4123747.86217487,27.48
302480.6772570119,4123748.148030341,27.7
302480.8352819408,4123748.432043434,27.52
302480.9902323123,4123748.71742413,27.43
302481.1460872268,4123749.003523688,26.83
302481.3053994267,4123749.291947372,27.63
302481.4605410466,4123749.572882701,27.2
302481.6170047679,4123749.859708087,27.77
302481.7723943093,4123750.144893425,26.93
302481.9287014528,4123750.431352427,27.17
302482.0854042876,4123750.715766721,27.56
302482.2424855063,4123751.003687804,27.3
302482.3994927406,4123751.288465014,27.3
302482.5545865206,4123751.573657321,26.99
302482.710323942,4123751.861054923,27.25
302482.8707840838,4123752.147971326,27.98
302483.0305440925,4123752.436569534,28.09
302483.1881601106,4123752.722072575,27.31
302483.3421536603,4123753.010806475,26.86
302483.5000262106,4123753.294638157,27.48
302483.6562810233,4123753.578877981,27.5
302483.8137839568,4123753.865863984,27.45
302483.9703692779,4123754.151576327,27.27
302484.1258847741,4123754.435833554,27.26
302484.2847705152,4123754.718716227,27.82
302484.4455783949,4123755.001553673,28.17
302484.6004024412,4123755.287862577,27.34
302484.7587837527,4123755.574457852,27.49
302484.9171868162,4123755.8619778,27.66
302485.0745026511,4123756.147302898,27.61
302485.233049103,4123756.428343204,27.63
302485.390147529,4123756.717004077,27.64
302485.5489070925,4123757.000814919,27.65
302485.7075100862,4123757.284259376,27.66
302485.8649737255,4123757.569581007,27.57
302486.0249596332,4123757.855213364,27.78
302486.1832755837,4123758.139034654,27.91
302486.3414393181,4123758.422674494,27.65
302486.4986028498,4123758.70781816,27.58
302486.6572362436,4123758.992557169,27.56
302486.8156087231,4123759.278782613,27.8
302486.972933045,4123759.558186378,27.76
302487.1298356371,4123759.844816484,27.67
302487.288108005,4123760.126788452,27.8
302487.4456628341,4123760.40970249,27.4
302487.6044527252,4123760.694807906,27.94
302487.7604723905,4123760.975352597,27.67
302487.9190404344,4123761.257317618,27.84
302488.0777129009,4123761.543721059,27.93
302488.2354111832,4123761.826446697,27.61
302488.3946141386,4123762.11024715,27.96
302488.5538431904,4123762.395157211,27.83
302488.7110935231,4123762.677708359,27.75
302488.8695615093,4123762.961711151,27.65
302489.028029492,4123763.245713944,27.66
302489.1869105706,4123763.528411766,27.79
302489.34521762,4123763.811863241,28.11
302489.5027244514,4123764.09274304,27.89
302489.6615229189,4123764.378218357,27.97
302489.8207214301,4123764.6618339,27.69
302489.9775281107,4123764.944395508,27.69
302490.1368875128,4123765.22856238,27.74
302490.2957946318,4123765.512369825,27.89
302490.4549669987,4123765.794875776,27.99
302490.6145307955,4123766.081443317,27.66
302490.7733813183,4123766.362846628,28.07
302490.9293704167,4123766.648388069,27.91
302491.0897168941,4123766.93049633,28.09
302491.2488066205,4123767.215779783,27.61
302491.4103663954,4123767.499154756,28.28
302491.5695822012,4123767.783510065,27.73
302491.7285545047,4123768.070091543,27.73
302491.887487631,4123768.355008617,27.93
302492.0509259924,4123768.636489034,28.4
302492.2047450193,4123768.924116954,26.74
302492.3660742003,4123769.203981678,28.59
302492.5249029455,4123769.490751581,27.82
302492.6803266109,4123769.777416571,27.05
302492.8383116178,4123770.059765458,27.85
302492.9959009055,4123770.344159061,27.83
302493.1536336929,4123770.628364252,27.13
302493.3117969815,4123770.91200421,28.12
302493.4674640964,4123771.196443045,26.9
302493.6239052998,4123771.482343961,27.29
302493.780877003,4123771.765641889,27.82
302493.9360744104,4123772.048981566,27.52
302494.0903672609,4123772.331602384,27.25
302494.2465388195,4123772.618619872,27.67
302494.4021319047,4123772.899914846,27.04
302494.5567987607,4123773.185857524,27.12
302494.7120004726,4123773.469382149,27.11
302494.86839373,4123773.753248813,27.6
302495.0229691854,4123774.035307886,27.75
302495.1774446347,4123774.319404715,27.1
302495.3327724051,4123774.602001201,26.93
302495.4873391243,4123774.883690415,28.4
302495.6427538156,4123775.16369435,26.37
302495.7969725844,4123775.44317132,28.4
302495.9499302557,4123775.725638545,26.59
302496.1022399199,4123776.005715547,27.56
302496.4118820975,4123776.571857573,27.38
302496.5655572562,4123776.853382742,27.65
302496.7179103949,4123777.135309094,26.71
302496.8714985088,4123777.413135591,27.47
302497.0263043669,4123777.698704965,27.31
302497.1763787048,4123777.97809443,26.57
302497.3296015413,4123778.259260182,27.36
302497.480506524,4123778.542515872,26.8
302497.6320463514,4123778.821315756,27.17
302497.7855648723,4123779.102474557,27.09
302497.9384484449,4123779.381797937,27.24
302498.091166833,4123779.666676295,27.11
302498.2442417555,4123779.947845542,27.04
302498.396886153,4123780.229580028,27.14
302498.5485303513,4123780.51281834,27.05
302498.7023271291,4123780.793230462,26.97
302498.8537451293,4123781.073143448,27.2
302499.0048022223,4123781.356580617,26.67
302499.1576900699,4123781.636088952,27.03
302499.3084253235,4123781.91842348,26.79
302499.4615784918,4123782.202921556,27.2
302499.6138052656,4123782.47948487,27.3
302499.7674323616,4123782.75897582,27.09
647218.2829832438,68770815952169.67,27.51
302500.0720860136,4123783.320609421,26.83
302500.2257217811,4123783.600470245,27.35
302500.3752306005,4123783.880983281,27.16
302500.5287619201,4123784.156405696,27.3
302500.6799840894,4123784.434287917,27.29
302500.8324674219,4123784.715471121,27.26
302500.987607735,4123784.99011554,27.71
302501.1395517529,4123785.267240638,27.56
302501.2915436226,4123785.546400011,27
302501.441365414,4123785.821354609,27.27
302501.5925005874,4123786.101829399,27.18
157329107.3307281,61460630.79850712,27.72
302501.8937139786,4123786.649296201,27.12
302502.0471016965,4123786.924907053,27.83
302502.1958318778,4123787.197481874,27.23
302502.3496152876,4123787.471048022,27.67
302502.5005633022,4123787.743570666,27.51
302502.651502605,4123788.015723445,27.82
302502.8030594311,4123788.288971914,27.33
302502.9517852133,4123788.561361813,27.67
302503.103394154,4123788.830538263,27.56
302503.2511327892,4123789.104986792,27.61
302503.4019850211,4123789.373440902,27.7
302503.5539723188,4123789.646124147,280619
302503.7046810273,4123789.914766675,27.98
302503.8561681707,4123790.185056219,27.36
302504.0100775813,4123790.457694245,28.32
302504.1586554347,4123790.730087642,27.27
302504.3105817706,4123791.000181823,28.17
302504.464908613,4123791.271699817,27.87
302504.6145083838,4123791.543514067,27.55
302504.7670218526,4123791.819700639,28.37
302504.9225705994,4123792.086563983,28.26
302505.0775497474,4123792.360657146,28.2
302505.2322504937,4123792.629205773,28.59
302505.38268958,4123792.905256124,27.4
302505.5374077122,4123793.174544492,28.13
302505.6892383266,4123793.446861381,27.78
302505.8445305443,4123793.721687336,28.33
302505.9964089976,4123793.996038502,27.8
302506.1511532013,4123794.266436485,28.3
302506.308750181,4123794.538617711,28.55
302506.4631552237,4123794.81346455,28.32
302506.616790435,4123795.080743014,27.72
302506.7728131768,4123795.355181722,28.56
302506.9287402659,4123795.631843118,28.46
302507.0833235037,4123795.901689793,27.86
302507.2385330506,4123796.179293259,28.1
302507.393881735,4123796.45652338,28.31
302507.5506611184,4123796.731684444,27.69
302507.7044180921,4123797.004141076,27.67
302507.8597971319,4123797.27637451,28.35
302508.0150283037,4123797.548611426,28.78
302508.1696768193,4123797.82752336,27.89
302508.326338756,4123798.103982452,28.07
302508.4792085413,4123798.37645997,28.21
302508.6362748677,4123798.651244225,27.98
302508.7927106009,4123798.924377994,28.3
302508.9470937339,4123799.198300204,28.01
302509.1021248501,4123799.474612641,28.07
302509.2572994595,4123799.750736668,27.81
302509.4130524351,4123800.026291981,28.05
302509.5703230444,4123800.297185685,28.9
302509.7252584763,4123800.575720819,28.01
302509.8861776182,4123800.844493284,28.89
302510.0413913412,4123801.122281731,28.01
302510.1921737055,4123801.400359476,27.48
302510.3505226977,4123801.666786945,28.74
302510.5033141205,4123801.942226916,28.12
302510.6604150563,4123802.212199446,28.35
302510.815828719,4123802.485912401,28.32
302510.9658021402,4123802.761048608,27.86
302511.1195458554,4123803.032950493,28.1
302511.2772120693,4123803.301799514,28.98
302511.4295120088,4123803.575215663,27.79
302511.5807812913,4123803.8488411,27.74
302511.7366123641,4123804.121434029,28.1
302511.8918563497,4123804.394225811,28.02
302512.0444823433,4123804.662638319,28.34
302512.1995523506,4123804.93432398,28.7
302512.3508650212,4123805.203507535,27.44
302512.5016123646,4123805.473814611,28.01
302512.6546731921,4123805.741846824,28.4
302512.8054422698,4123806.013078574,27.88
302512.9591293084,4123806.282576348,28.13
302513.1112029725,4123806.552667193,28.05
302513.2650291466,4123806.821791625,28.05
302513.4155807185,4123807.090067923,28.11
302513.5670759821,4123807.36072749,28.02
302513.7190235062,4123807.631746492,27.96
302513.8694228419,4123807.899841339,27.66
302514.0209354794,4123808.171240652,27.85
302514.1710999984,4123808.441931535,27.52
302514.3254044117,4123808.70623379,28.84
302514.4733075573,4123808.975127519,27.83
302514.625420284,4123809.246882793,27.6
302514.7750672353,4123809.514440247,27.94
302514.9237400902,4123809.784611128,27.58
302515.0753222032,4123810.052678167,27.83
302515.2264737944,4123810.321310446,27.89
302515.3742768884,4123810.592241941,26.98
302515.5233975574,4123810.856296097,28.55
302515.6734358801,4123811.127915155,27.08
302515.8250135992,4123811.395797272,28.23
302515.9746474214,4123811.662799942,28.39
302516.1228505338,4123811.931871674,26.54
302516.274023814,4123812.20142864,27.98
302516.4229313806,4123812.469003513,27.97
302516.5722955607,4123812.737122754,27.78
302516.7216640806,4123813.005426931,27.77
302516.8726372605,4123813.272768177,28.18
302517.019827076,4123813.542788943,27.51
302517.1676865498,4123813.809833377,27.13
302517.3208296875,4123814.075088177,28.38
302517.4685718181,4123814.349721863,27.26
302517.6209321428,4123814.613144723,28.72
302517.7644646694,4123814.884916871,26.84
302517.9159161608,4123815.153727169,27.62
302518.066828352,4123815.418479359,28.73
302518.214326865,4123815.689047988,27.28
302518.3660696879,4123815.957666402,27.89
302518.512785391,4123816.226403092,27.51
302518.6632627564,4123816.497826827,27.12
302518.8128616019,4123816.763350071,28.05
302518.9600513018,4123817.033370868,27.51
302519.1093544933,4123817.305192306,27.51
302519.257705199,4123817.567969378,27.8
302519.403533712,4123817.83672695,26.96
302519.5559157496,4123818.107365745,28.08
302519.7036141666,4123818.373858893,27.84
302519.8534478225,4123818.643077355,27.59
302520.0024334899,4123818.913981094,27.64
302520.1479792976,4123819.183300438,27.49
302520.2960691091,4123819.453855188,27.15
302520.4442067005,4123819.720152979,27.62
302520.5950448505,4123819.988052565,27.59
302520.7413081498,4123820.256429855,27.46
302520.8909330457,4123820.529353969,27.72
302521.037992099,4123820.793826781,27.89
302521.1872690557,4123821.064538648,27.44
302521.3391987179,4123821.334818037,27.07
302521.4827918598,4123821.602888085,28.5
302521.6346388342,4123821.869653734,27.53
302521.7790452075,4123822.14085027,26.84
302522.0771772069,4123822.683209138,27.07
302522.2309462047,4123822.943638343,27.99
302522.373169505,4123823.216366538,27.35
302522.5195458212,4123823.489552139,27.11
302522.6696271618,4123823.756729414,27.41
302522.8159816355,4123824.022699117,27.59
302522.9663369159,4123824.288944772,27.65
302523.1129653978,4123824.560274085,26.58
302523.2585719337,4123824.832182552,27.55
302523.4096011381,4123825.089345579,27.19
302523.5536465672,4123825.370357555,27.9
302523.7032494025,4123825.629774579,26.5
302523.8476122109,4123825.905413039,27.79
302523.9936405204,4123826.176386412,27.29
302524.1385729121,4123826.444795061,26.87
302524.2870581919,4123826.713305164,27.46
302524.4354085919,4123826.976082316,27.55
302524.5847765717,4123827.238095388,27.9
302524.7303308107,4123827.507784668,27.43
302524.8734628502,4123827.781416699,26.54
302525.0213914671,4123828.0514202,27.08
302525.1705550682,4123828.317323848,28.06
302525.3139305862,4123828.588729722,26.23
258332.0643946794,68771280387529.12,27.69
302525.6103312577,4123829.120397317,27.35
302525.7561072533,4123829.393227012,27.09
302525.9044314593,4123829.654894584,27.2
302526.0531818935,4123829.922103222,28.06
302526.1974488455,4123830.193673171,26.78
302526.3445293396,4123830.459070734,27.71
302526.4946017482,4123830.725878203,27.64
302526.6412691746,4123830.998871977,26.97
302526.7873060161,4123831.270215262,27.19
302526.9317294152,4123831.535860379,26.99
302527.0787446687,4123831.804775178,27.93
157327634.7887299,61448530.07507852,27
302527.3689700513,4123832.344359627,27.02
302527.5178769542,4123832.611934676,27.75
302527.6640920487,4123832.884569031,27.1
302527.8101070753,4123833.154987662,26.9
302527.958931354,4123833.425340205,27.38
302528.1049463607,4123833.695758841,27.03
302528.2515962916,4123833.968012903,27.45
302528.3999291153,4123834.236341615,26.77
302528.5480575855,4123834.508560898,27.68
302528.6950944975,4123834.778400392,26.99
302528.8433446991,4123835.049506599,27.44
302528.9884681692,4123835.319761183,280619
302529.1351049927,4123835.591460458,26.98
302529.282672451,4123835.864988204,27.32
302529.4310748252,4123836.136275876,26.9
302529.5796380954,4123836.408114873,27.15
302529.7262879374,4123836.680368959,27.1
302529.8770298767,4123836.95049138,27.49
302530.0268716179,4123837.220079871,27.64
302530.171081909,4123837.501828206,27.16
302530.3191884501,4123837.766831615,26.61
302530.4655860408,4123838.04094201,27.23
302530.6161235849,4123838.314955011,27.24
302530.7658304775,4123838.585101794,27.1
302530.9113278526,4123838.858678264,26.81
302531.0594561704,4123839.130897587,27.04
302531.2083020729,4123839.408466082,27.43
302531.356956535,4123839.677897489,27.13
302531.5042498963,4123839.952356897,26.56
302531.6499951506,4123840.230183379,26.63
302531.7990453626,4123840.503861316,27.01
302531.9489261421,4123840.775114243,27.34
302532.0962368697,4123841.050313396,27.42
302532.2440258988,4123841.320690356,27.41
302532.3920541367,4123841.594947452,26.35
302532.5415652741,4123841.8693547,27.76
302532.6823746638,4123842.144891842,25.94
302532.8351646459,4123842.414040944,27.25
302532.9823970138,4123842.6859113,26.84
302533.1292336608,4123842.959826366,27.82
302533.2840413876,4123843.22670757,26.82
302533.4366617295,4123843.494935492,27.84
302533.5847595044,4123843.772151549,27.98
302533.731656957,4123844.042364468,26.56
302533.8848860951,4123844.311318218,28.22
302534.033040336,4123844.584647192,27.35
302534.1828774742,4123844.854050816,27.18
302534.3331494726,4123845.123074139,28.82
302534.4872396048,4123845.390897425,28.23
302534.6355460154,4123845.664407864,27.41
302534.7838567675,4123845.93810324,27.48
302534.9413345026,4123846.205291731,29.28
302535.0902278955,4123846.472312097,27.63
302535.2438700633,4123846.739960897,28.2
302535.3935984307,4123847.011032424,27.78
302535.5454837147,4123847.279462704,28.34
302535.6950337552,4123847.549243176,27.24
302535.845814482,4123847.821030098,28.23
302535.9954080073,4123848.092659914,27.62
302536.1424357719,4123848.362129656,26.84
302536.2956386604,4123848.629973842,28.54
302536.4458366309,4123848.902144554,28.15
302536.5960780398,4123849.169873376,27.2
302536.750081084,4123849.440289254,28.76
302536.8992918367,4123849.708227362,27.61
302537.0472023282,4123849.977491314,27.34
302537.2007052251,4123850.245513493,28.18
302537.3510553468,4123850.517865676,27.83
302537.5034232348,4123850.787949958,27.59
302537.653542826,4123851.056791878,28.23
302537.8041320764,4123851.326732971,27.62
302537.9563085771,4123851.594971398,28.11
302538.1057149682,4123851.864940322,27.63
302538.2573826845,4123852.136706412,28.56
302538.4077892398,4123852.405171521,27.22
302538.5575913118,4123852.673095742,27.54
302538.7120204044,4123852.942761482,28.75
302538.8599872857,4123853.208138371,27.64
302539.0067799552,4123853.467621726,27.99
302539.154164095,4123853.733382401,27.99
302539.2948815579,4123853.986162331,27.64
302539.438969236,4123854.237567729,28.14
302539.587827319,4123854.477943765,28.85
302539.7276140579,4123854.722603999,29.28
302539.8628738236,4123854.969776201,27.56
302539.9977247621,4123855.212147079,27.41
302540.1328104931,4123855.451921928,27.75
302540.2682875835,4123855.689467136,28.25
302540.4001074299,4123855.928763706,27.78
302540.5319054555,4123856.160844376,27.78
302540.6513055429,4123856.413015583,28.33
302540.7826164279,4123856.63696612,27.18
302540.9062258241,4123856.866833954,27.65
302541.0264170182,4123857.083459587,27.94
302541.145838362,4123857.286225611,28.03
302541.2540226781,4123857.489255979,27.13
302541.360006506,4123857.686787023,27.54
302541.4652813798,4123857.873047533,27.47
302541.5670553966,4123858.042552094,28.75
302541.6595014661,4123858.211720982,27.54
302541.7515430028,4123858.369982245,26.99
302541.8329562829,4123858.522942441,27.85
302541.9116820581,4123858.67485564,27.23
302541.9924036791,4123858.804702573,27.19
302542.0633147426,4123858.945142323,28.18
302542.1377655199,4123859.072546264,26.78
302542.203875427,4123859.191264674,27.81
302542.2679501563,4123859.311511253,26.65
302542.3339164359,4123859.417835612,29.19
302542.390633077,4123859.527153105,27.19
302542.4474278484,4123859.620925711,28.39
302542.501878742,4123859.721969874,27.37
302542.5557555553,4123859.817476449,27.91
302542.6086103729,4123859.907270943,28.41
302542.6554161673,4123859.997762844,26.55
302542.702282752,4123860.078261354,27.07
302542.7482579068,4123860.164887034,28.46
302542.7874142529,4123860.244641739,24.89
302542.8315976257,4123860.317986956,28.15
302542.8684795813,4123860.395389694,27.11
302542.9057875876,4123860.459459796,24.74
302542.9433739044,4123860.522783206,28.68
302542.9762114411,4123860.585478182,27.24
302543.0139542544,4123860.64287675,28.87
302543.0463133618,4123860.697811455,29.87
302543.0757501697,4123860.754295197,27.64
302543.1049477597,4123860.806898804,24.08
302543.1294008667,4123860.852767678,28.31
302543.1537409195,4123860.9001195,25.83
302543.1812337342,4123860.943141324,29.46
302543.2015989782,4123860.978744328,29.81
302543.2171936932,4123861.012794226,26.59
302543.2464347273,4123861.060955941,33.11
302543.2540146816,4123861.081316658,24.64
302543.2604378357,4123861.096523572,21.29
302543.2671783959,4123861.106356965,27.4
302543.2738058441,4123861.111382077,0
302543.2763716527,4123861.119833389,0
302543.2750322503,4123861.119494825,0
302543.2752801061,4123861.117453596,0
302543.2748539426,4123861.118203765,0
302543.2746495906,4123861.122094335,0
302543.2744495289,4123861.119878605,0
302543.2748539426,4123861.118203765,0
302543.2753149091,4123861.118933068,0
302543.2753236099,4123861.119302935,0
302543.2750670533,4123861.120974296,0
302543.2754497152,4123861.118374787,0
302543.276502104,4123861.119090176,0
302543.2750104984,4123861.118570155,0
302543.2740059616,4123861.11988904,0
302543.2750496518,4123861.120234561,0
302543.2761715909,4123861.117617661,0
302543.2741059646,4123861.117851288,0
302543.2754627664,4123861.11892959,0
302543.2747626403,4123861.120611385,0
302543.2756367259,4123861.120035714,0
302543.2750583525,4123861.120604428,0
302543.2767673612,4123861.117788681,0
302543.2751931564,4123861.120046148,0
302543.2743147249,4123861.120436885,0
302543.2746278387,4123861.121169665,0
302543.2747147862,4123861.118577111,0
302543.2757323741,4123861.117813029,0
302543.275888932,4123861.118179418,0
302543.2741494685,4123861.119700627,0
302543.2757758779,4123861.119662368,0
302543.2757410748,4123861.118182896,0
302543.2617069211,4123860.540459681,0
302543.2750278999,4123861.119309891,0
302543.2742755716,4123861.11877248,0
302543.2747365381,4123861.119501781,0
302543.275788929,4123861.120217171,0
302543.2752758136,4123861.123559895,0
302543.2796419309,4123861.126787839,0
302543.284738678,4123861.135919757,0
302543.2921055192,4123861.153509943,24.92
302543.3043515928,4123861.170985351,29.32
302543.3176457604,4123861.195282445,25.81
302543.3336230764,4123861.220441603,27.68
302543.3486611179,4123861.249693653,28.9
302543.3684653309,4123861.280313877,28.85
302543.3922052026,4123861.321018512,31.19
302543.4143839183,4123861.364535416,23.23
302543.4392501392,4123861.409099318,29.12
302543.467347482,4123861.458953265,29.51
302543.4975279056,4123861.51560455,25.88
302543.529317341,4123861.57147784,27.33
302543.5630811575,4123861.635816355,28.37
302543.596575308,4123861.694980196,28.17
302543.6400280308,4123861.762421444,30.23
302543.6774013392,4123861.83555679,25.89
302543.7210324859,4123861.916871562,28.03
302543.7669553617,4123861.994986805,26.94
302543.816600782,4123862.080415933,30.47
302543.8622019568,4123862.170010993,25.89
302543.9201577285,4123862.256539884,30.25
302543.9693858558,4123862.361962745,26.37
302544.0263720086,4123862.463872457,27.48
302544.0802183941,4123862.564375737,26.33
302544.1434797283,4123862.668913377,30.01
302544.2045493895,4123862.780904024,27.73
302544.2678586299,4123862.893767169,27.62
302544.3372777937,4123863.008521985,28.31
302544.4002609829,4123863.132680015,27.43
302544.4666666543,4123863.263973952,26.85
302544.5407389353,4123863.381579891,28.2
302544.6091406799,4123863.515972488,27.86
302544.6852786418,4123863.639636033,28.35
302544.759416343,4123863.77888968,27.42
302544.8326799063,4123863.912427766,27.07
302544.9117533293,4123864.047679545,28.86
302544.9893265011,4123864.188332669,27.67
302545.069856778,4123864.32891623,28.22
302545.1483562322,4123864.47121289,27.14
302545.2306608221,4123864.618045949,29.16
302545.3113824498,4123864.760475375,27.39
302545.3921867901,4123864.912709778,27.02
302545.47864432,4123865.053709021,29.28
302545.5541998156,4123865.209212514,26.17
302545.6387091762,4123865.355438603,28.59
302545.7226228158,4123865.507784903,26.98
302545.8068626147,4123865.661418784,28.43
302545.8917851354,4123865.812631135,27.53
302545.9745637225,4123865.960748304,27.48
302546.0609821924,4123866.112665612,28.76
302546.1484834994,4123866.266592845,27.32
302546.2323928276,4123866.425045448,26.87
302546.323042542,4123866.574457751,29.86
302546.4071953702,4123866.730684192,26.59
302546.4964144301,4123866.888456783,28.22
302546.5848115543,4123867.042733022,29.31
302546.6726955614,4123867.200351985,26.63
302546.7628191448,4123867.358843446,28.85
302546.8537168085,4123867.51879699,27.41
302546.9438795359,4123867.678952859,28.77
302547.029080438,4123867.842000993,26.42
302547.117638396,4123867.990537328,28.37
302547.2047309044,4123868.145954479,27.71
302547.2879487177,4123868.30016752,28.72
302547.3768154827,4123868.455542936,27.36
302547.4636079752,4123868.617073344,28.09
302547.5543751025,4123868.771478875,28.34
302547.6393889755,4123868.932866087,27.01
302547.7270424353,4123869.086974792,27.71
302547.8210667145,4123869.241488744,28.19
302547.9042715135,4123869.401438222,28.06
302547.996191014,4123869.554521397,27.43
302548.0837444575,4123869.710667856,28.02
302548.1674754697,4123869.874120649,28.11
302548.2534329492,4123870.031599907,27.76
302548.3438260863,4123870.188974824,28.18
302548.4339713089,4123870.342099739,27.87
302548.5238469203,4123870.496341215,28.36
302548.6090042642,4123870.657540024,27.9
302548.6950356854,4123870.818163163,27.06
302548.7840893517,4123870.968908287,28.73
302548.8686552127,4123871.123829778,26.81
302548.9555563547,4123871.283692315,28.11
302549.0420268716,4123871.431537624,26.98
302549.1281365281,4123871.589198346,28.93
302549.2181773686,4123871.744176087,27.55
302549.304330524,4123871.90368615,27.54
302549.3894616849,4123872.057484129,27.16
302549.4743189387,4123872.218504969,27.5
302549.5639814024,4123872.369975923,27.41
302549.6535003586,4123872.521635291,29.15
302549.7352135431,4123872.687355997,27.61
302549.8254413177,4123872.837703438,27.03
302549.9164909663,4123872.985256002,30.13
302549.9958037104,4123873.155844121,25.63
302550.089119034,4123873.305378791,28.45
302550.1776073877,4123873.463538675,28.49
302550.2601162763,4123873.619063673,27.3
302550.3513877743,4123873.776047872,28.37
302550.4356144189,4123873.935418226,26.75
302550.5255247594,4123874.091139193,28.87
302550.6135129827,4123874.246905374,27.95
302550.7018056107,4123874.403034469,28.02
302550.7861278442,4123874.553890908,27.63
302550.8715634175,4123874.714343046,27.08
302550.9623217211,4123874.868378743,28.3
302551.0477355396,4123875.027906212,27.59
302551.1387286962,4123875.185637112,28.17
302551.224777379,4123875.340708778,27.52
302551.3134091994,4123875.498680261,27.96
302551.4047589086,4123875.65270205,28.98
302551.4924470371,4123875.808290263,27.44
302551.5783305003,4123875.968916906,27.39
258324.208277802,-1411575.246133582,28.03
302551.7522847476,4123876.282532255,28.09
302551.8392292379,4123876.437952926,27.59
302551.9287481649,4123876.595903548,28.47
302552.0172364583,4123876.75406345,28.08
302552.1034068619,4123876.908022042,27.16
302552.1916733364,4123877.063041547,28.19
302552.2821402865,4123877.22356038,28.62
302552.3685629428,4123877.38195391,27.35
302552.4584775651,4123877.53785983,28.75
302552.5451959225,4123877.696246406,27.93
302552.6326579071,4123877.854800529,27.25
425531328.0319136,58077460.26917627,280619
302552.8090038614,4123878.169469853,27.85
302552.8971616061,4123878.326157248,27.89
302552.9860673281,4123878.483197121,27.93
302553.0767081559,4123878.638530855,28.52
302553.1651834054,4123878.802427198,28.39
302553.2549631955,4123878.958891405,27.24
302553.3448908393,4123879.115352134,29.12
302553.4311395007,4123879.27263955,26.86
302553.5231545063,4123879.429791325,29.05
302553.6128386313,4123879.588478221,27.69
302553.6990220844,4123879.74928286,27.94
302553.3566170408,4123879.915728271,28.15
302553.8807647022,4123880.066970876,28.32
302553.9720795701,4123880.22580445,28.67
302554.0592805435,4123880.37955378,27.66
302554.1471730373,4123880.543833914,26.86
302554.2399446958,4123880.701708042,28.61
302554.3265412396,4123880.861207717,28.23
302554.4143206219,4123881.020679568,27.87
302554.5045482819,4123881.177318287,28.11
302554.5951195041,4123881.335984323,28.64
302554.6823553058,4123881.497504364,26.04
302554.775105194,4123881.654453828,29.8
302554.8631411162,4123881.812254324,280619
302554.9553126322,4123881.9697725,29.16
302555.0444096334,4123882.128658256,27.63
302555.1344633179,4123882.284190855,27.19
302555.2246039999,4123882.443422134,28.45
302555.3125181549,4123882.602335713,27.23
302555.4028458386,4123882.763227922,28.08
302555.4923341907,4123882.91988404,28.68
302555.5810789643,4123883.082663846,26.74
302555.6686408435,4123883.239180245,28.32
302555.7586858557,4123883.400634213,27.84
302555.8485525068,4123883.554505892,28.26
302555.9403500214,4123883.714993458,28.63
302556.0295991449,4123883.867769446,27.47
302556.1198267522,4123884.02440818,28.5
302556.2077234708,4123884.182582033,29.37
302556.2968682837,4123884.343502073,26.23
302556.3862391983,4123884.501456215,28.68
302556.4737706481,4123884.662969315,27.24
302556.5626197424,4123884.823896313,27.95
302556.6555609165,4123884.982691658,28.6
302556.7492587179,4123885.135918117,28.18
302556.8440263997,4123885.303182167,28.76
302556.9353195096,4123885.473673564,28.21
302557.0272387858,4123885.639339292,27.03
302557.1241938313,4123885.805256639,29.14
302557.222040402,4123885.977629285,28.27
302557.3177125938,4123886.145612208,26.85
302557.4145111718,4123886.32374563,29.74
302557.5136666737,4123886.495162308,26.78
302557.6103564914,4123886.668672385,27.96
302557.7058243603,4123886.846837115,28.14
302557.809502502,4123887.021848138,28.48
302557.908805894,4123887.199552574,27.71
302558.0082571366,4123887.377253533,28.1
302558.1150533673,4123887.56532879,28.9
302558.2243848795,4123887.754269592,27.88
302558.3329380078,4123887.947854613,28
302558.4485839165,4123888.153670227,28.53
302558.5695221011,4123888.351774866,28.44
302558.6897080954,4123888.568215792,28.63
302558.8131947448,4123888.786614479,28.84
302558.9437828721,4123889.017613626,28.04
302559.0764540101,4123889.249118888,28.12
302559.208459868,4123889.49007665,28.09
302559.351198269,4123889.734482685,29.23
302559.4956675651,4123889.995871344,27.75
302559.6502953938,4123890.261461925,28.78
302559.8055408197,4123890.540730665,27.94
302559.9710274271,4123890.827715072,28.58
302560.138223121,4123891.124466202,28.27
302560.3124854387,4123891.426047091,28.67
302560.4923272197,4123891.744705117,28.4
302560.6777657711,4123892.068597549,28.22
302560.8671833798,4123892.398132514,28.64
302561.0600060407,4123892.734063657,28.2
302561.2561685847,4123893.086199433,28.04
302561.4579539467,4123893.43838799,28.27
302561.6657492333,4123893.800797218,29.05
302561.8756840717,4123894.166116702,28.67
302562.0878758656,4123894.533048427,28.69
302562.3023290127,4123894.908068565,27.85
302562.5201262926,4123895.286895808,29.53
302562.7422809966,4123895.674872371,28.03
302562.9697236927,4123896.0675355,28.34
302563.1871340843,4123896.47394226,27.77
302563.4263571861,4123896.851710436,29.55
302563.6554523737,4123897.251736161,29.35
302563.8727061512,4123897.657776549,27.49
302564.1002965588,4123898.044144995,28.62
302564.3256169703,4123898.434637637,28.07
302564.5415486954,4123898.841079207,27.57
302564.7680997139,4123899.227287081,28.04
302564.9941158825,4123899.622204245,29.08
302565.2192623051,4123900.017882017,27.71
302565.4414168136,4123900.412149876,28.25
302565.6624146073,4123900.8138464,27.68
302565.8875871114,4123901.216925024,27.81
302566.1154122399,4123901.613279953,28
302566.340445549,4123902.016731932,28.06
302566.5660094037,4123902.423872164,27.66
302566.7940780668,4123902.830583409,27.86
302567.0228077248,4123903.240239692,27.9
302567.250228419,4123903.650851952,27.59
302567.4782927507,4123904.069960746,27.63
302567.7087096922,4123904.488459099,27.47
302567.9389526519,4123904.90585133,27.41
302568.1717570137,4123905.331509951,27.32
302568.4032350089,4123905.757384813,27.19
302568.6393182665,4123906.190367773,27.26
302568.8733010914,4123906.622104886,27.13
302569.1081536588,4123907.059372637,27.05
302569.3476375488,4123907.498566859,26.98
302569.5864386836,4123907.940182617,27.16
302569.8237177986,4123908.386275049,26.82
302570.0646193458,4123908.835427898,26.59
302570.3065123922,4123909.288998304,26.78
302570.549470842,4123909.743838911,26.75
302570.7942383626,4123910.206408493,26.64
302571.0425326229,4123910.667969948,26.74
302571.2893787947,4123911.137151957,26.67
302571.5371120719,4123911.606313104,26.29
302571.7853063227,4123912.082494793,26.21
302572.0363184829,4123912.558980281,26.46
302572.2881307912,4123913.038037462,26.49
302572.54098679,4123913.523731407,26.15
302572.7939906134,4123914.00942188,26.17
302573.0460116682,4123914.503647143,25.92
302573.3057950298,4123914.994544221,26.13
302573.5602860585,4123915.486861038,26.13
302573.8160468869,4123915.982848722,26.11
302574.0729514142,4123916.483435414,25.75
302574.3269901312,4123916.98168405,25.77
302574.5818637853,4123917.483983852,25.48
302574.8376245415,4123917.986262791,25.61
302575.092859093,4123918.49132966,25.49
302575.3469020851,4123918.99605449,25.43
302575.6010407433,4123919.50484787,25.21
302575.8565187625,4123920.013979829,25.24
302576.1096876279,4123920.525571576,24.99
302576.3631608741,4123921.037526242,25.02
302576.616355783,4123921.550227609,24.85
302576.8680199576,4123922.067035782,24.7
302577.1215627114,4123922.581949412,24.73
302577.3718352798,4123923.102491052,24.42
302577.6227209495,4123923.617652228,24.63
302577.8747242168,4123924.136302811,24.62
302578.1252663089,4123924.655727913,24.35
302578.3744820354,4123925.175369254,24.3
302578.6217147312,4123925.692466734,24.12
302578.8696214249,4123926.206772824,24.31
302579.1194980079,4123926.716776754,24.87
302579.3655347003,4123927.22705604,24.2
302579.6083446731,4123927.738521443,24.15
302579.8463014912,4123928.244919982,24.01
302580.0887113058,4123928.751953938,24
302580.3256330922,4123929.258376832,23.87
302580.5655510465,4123929.760103355,24.2
302580.8010942115,4123930.258232054,23.78
302581.0318321036,4123930.759619396,23.43
302581.2620176726,4123931.256393824,23.45
302581.4864716963,4123931.754783356,23.02
302581.7111605103,4123932.250576861,23.03
302581.9359145107,4123932.74285315,22.99
302582.1542759634,4123933.233799505,22.73
302582.3721851279,4123933.72438643,22.46
302582.5868197335,4123934.214125195,22.44
302582.7994887158,4123934.702059832,22.14
302583.0113314128,4123935.186313183,22.22
302583.2210128209,4123935.673022843,21.98
302583.4295374383,4123936.154578699,22.06
302583.6349223016,4123936.634728115,21.9
302583.8411029283,4123937.110973057,21.81
302584.0446482597,4123937.588390202,21.71
302584.2446102711,4123938.064411341,21.52
302584.4426458133,4123938.540292756,21.32
302584.6442428491,4123939.010354285,21.6
302584.8420304522,4123939.481985705,21.61
302585.0391831274,4123939.9517817,21.08
302585.2323263201,4123940.420931855,21.26
302585.4247084823,4123940.889174731,21.06
302585.6151902361,4123941.352096255,20.84
302585.8070461552,4123941.816835827,21.08
302585.9980322964,4123942.276044768,21.14
302586.1844610432,4123942.73647112,20.91
302586.3672760352,4123943.194206925,20.3
302586.550843323,4123943.652480149,20.45
302586.7325537072,4123944.107281359,20.37
302586.913346504,4123944.5608089,20.26
302587.0928216457,4123945.014922542,20.22
302587.2715096558,4123945.467019303,20.25
302587.444157386,4123945.920183311,19.64
302587.6181531507,4123946.367764528,19.75
302587.7906964591,4123946.816490128,19.8
302587.9614654728,4123947.258966228,19.73
302588.1287947146,4123947.706149137,19.27
302588.2974676467,4123948.147564323,19.47
302588.4632791748,4123948.593117607,19.1
302588.6258378712,4123949.032456165,18.9
302588.7897794292,4123949.473982636,19.06
302588.9512857235,4123949.912605806,18.76
302589.1078910755,4123950.350419063,18.52
302589.2675230521,4123950.784830486,18.41
302589.4237065352,4123951.217287617,18.69
302589.5729713427,4123951.657493958,17.55
302589.7256280534,4123952.090959223,17.94
302589.8746666645,4123952.521549004,17.86
302590.0257317208,4123952.950240763,17.79
302590.173191758,4123953.382903074,17.54
302590.316524895,4123953.809926324,17.18
302590.4586925906,4123954.23771713,17.14
302590.5992512759,4123954.666285924,16.94
302590.7383226837,4123955.088228397,16.86
258369.2242562528,-1411494.808792999,16.77
302591.0129126274,4123955.932011868,16.69
302591.1473570412,4123956.352212804,16.13
302591.2779137503,4123956.770654815,16.02
302591.4064961882,4123957.193214056,15.67
302591.5357308898,4123957.612057235,15.56
302591.6605647369,4123958.026192974,15.72
302591.7879512325,4123958.441934008,15.49
302591.9112978247,4123958.855734656,15.26
302592.0320786994,4123959.267375215,14.97
302592.1496676762,4123959.681681353,14.49
302592.2626557547,4123960.089064322,14.33
425530314.3992835,58017091.04394454,280619
302592.491758557,4123960.90468191,14.07
302592.6060294444,4123961.309999312,14.34
302592.7149514958,4123961.714332297,13.87
302592.8225559036,4123962.119251383,13.37
302592.9309299936,4123962.519156388,13.82
302593.0386213449,4123962.921482922,13.67
302593.1441905459,4123963.321638934,13.35
302593.2476375968,4123963.719624422,13.22
302593.349262549,4123964.115617364,13.17
302593.4463518788,4123964.513752378,12.4
302593.5466113373,4123964.908297149,12.79
302593.5665471579,4123965.303065707,12.92
302593.7441905347,4123965.691904741,12.75
302593.8401926375,4123966.081553664,12.43
302593.9304675912,4123966.473002606,11.91
302594.0217818343,4123966.858320911,11.54
302594.107638537,4123967.244322681,11.39
302594.1964392576,4123967.629700103,11.66
302594.28293953,4123968.011615941,11.57
302594.3683656756,4123968.391891713,11.16
302594.4506042773,4123968.775017998,11.03
302594.5334342633,4123969.151839142,10.92
302594.612411354,4123969.52838083,10.47
302594.6905535091,4123969.907162591,280619
302594.7672301478,4123970.280242694,10.13
302594.8419064181,4123970.656330424,9.960000000000001
302594.9132037795,4123971.027131569,9.49
302594.9830704427,4123971.400001762,9.24
302595.0511193689,4123971.771064347,9.51
302595.1188116884,4123972.139544809,8.84
302595.1838208938,4123972.507163194,8.94
302595.2461600354,4123972.874474302,8.369999999999999
302595.3048419578,4123973.237245518,7.75
302595.3669723471,4123973.60197103,8.41
302595.4261282667,4123973.966026352,7.7
302595.4843840143,4123974.329547737,7.91
302595.5401958128,4123974.689795948,7.31
302595.5942638139,4123975.051380425,7.22
302595.6476838558,4123975.41057467,7.08
302595.6992687609,4123975.767221568,6.72
302595.7482401492,4123976.12596533,6.51
302595.8012774618,4123976.475176621,6.82
302595.8483397955,4123976.83452039,6.46
302595.8928494519,4123977.185967637,5.94
302595.9346151326,4123977.540254963,5.23
302595.9786768716,4123977.891527709,6.12
302596.0203816565,4123978.243225959,5.28
302596.059507688,4123978.592209316,4.91
302596.0985206621,4123978.94267562,5.19
302596.1340982141,4123979.291742431,4.64
302596.1704715469,4123979.636904766,4.54
302596.204879314,4123979.986554198,4.54
302596.2356603111,4123980.332958274,4.2
302596.2660673147,4123980.676040494,3.44
302596.299792329,4123981.021820223,3.98
302596.3292469699,4123981.362149298,3.99
302596.3571187132,4123981.704365962,3.2
302596.3858036375,4123982.043417885,3.3
302596.4144189967,4123982.385802098,3.48
302596.4399511577,4123982.722892771,2.8
302596.4647571018,4123983.060555635,2.78
302596.4856927605,4123983.397199302,2.37
302596.5104856528,4123983.734307363,2.85
302596.5321909983,4123984.065936951,2.42
302596.5519307827,4123984.402053636,1.98
302596.5731273541,4123984.73721088,2.55
302596.5928801573,4123985.067591135,1.89
302596.6114371185,4123985.403735639,1.94
302596.6299679499,4123985.732479307,1.74
302596.642715115,4123986.060618855,1.27
302596.659680455,4123986.39198985,1.43
302596.6721580068,4123986.721245956,1.1
302596.6832700888,4123987.049053886,0.88
302596.6977740918,4123987.37641197,0.85
302596.7092905857,4123987.702545065,0.79
302596.7218550994,4123988.029208618,0.83
302596.7305014942,4123988.352818705,0.17
302596.7411178222,4123988.678417861,0.35
302596.7494032959,4123989.005552124,0.3
302596.7591281546,4123989.330987209,0.49
302596.7694400794,4123989.656223451,359.99
302596.7742944593,4123989.975851925,359.94
302596.7787879202,4123990.299004575,359.31
302596.7872473188,4123990.620953734,359.8
302596.7927496556,4123990.942972438,0.05
302596.7969169675,4123991.264837505,359.26
302596.8053546472,4123991.592153227,359.92
302596.811135296,4123991.913425242,359.54
302596.8203600566,4123992.236466619,0.28
302596.8274975076,4123992.565108175,0.29
302596.8243808505,4123992.879187992,357.95
302596.8245213351,4123993.199667475,359.01
302596.8274144898,4123993.51767675,359
302596.8332516582,4123993.835061675,359.59
302596.8438984132,4123994.155664138,1.03
302596.8465871995,4123994.477563979,358.68
302596.865536786,4123995.113457981,359.93
302596.8675211045,4123995.436854681,0.12
302596.8682486637,4123995.757135322,358.1
302596.8727160387,4123996.079178371,359.15
302596.8736609892,4123996.389832016,359.06
302596.875340932,4123996.719157034,359.13
302596.8785428486,4123997.037714156,359.46
302596.8880937201,4123997.349460654,0.71
302596.8951223932,4123997.660896399,359.32
302596.8974632369,4123997.968001526,359.71
302596.9044963121,4123998.292204668,359.19
302596.9016362873,4123998.617195593,358.96
302596.9015853902,4123998.923246752,358.02
302596.9070790465,4123999.244895593,0.01
302596.9115986004,4123999.562866618,359.59
302596.9153614364,4123999.86753283,359.01
302596.9218204742,4124000.186198387,0.01
302596.9271270843,4124000.493603836,359.13
302596.9276198106,4124000.810189278,359.5
302596.9299258964,4124001.122106165,358.42
302596.93824176,4124001.431661277,359.99
302596.9395215721,4124001.743972374,359.58
302596.9473112385,4124002.050024172,359.42
302596.9581810793,4124002.675746175,359.21
302596.9679798486,4124002.991742679,0.57
302596.9754564415,4124003.303352929,359.81
302596.982698165,4124003.604976744,359.36
302596.9920968449,4124003.916541788,0.68
302596.9962467595,4124004.231375894,359.32
302597.0104767425,4124004.540791913,1.16
302597.0194188134,4124004.851812588,0.58
302597.029687216,4124005.162617033,0.86
302597.0414863108,4124005.469314682,0.25
302597.0558989394,4124005.780206697,1.27
302597.0650541094,4124006.093997904,0.26
302597.0773446073,4124006.402719394,1.12
302597.0869172111,4124006.709099333,0.22
302597.098551084,4124007.021351956,0.9399999999999999
302597.1122983909,4124007.335405235,1
302597.1260674151,4124007.644091952,1.44
302597.1413932592,4124007.956072708,1.26
302597.1531097436,4124008.265547844,0.92
302597.1661395335,4124008.58054318,0.74
302597.1777429336,4124008.885210033,0.84
302597.1938515879,4124009.211605206,2.08
302597.2122692938,4124009.522958138,0.9
302597.2256991443,4124009.836093703,0.99
302597.2446908909,4124010.152984221,0.83
302597.2534807661,4124010.463823441,1.48
302597.2751381804,4124010.774545069,1.8
302597.2850630878,4124011.095904663,0.8
302597.3070249346,4124011.413280437,2.62
302597.3281909472,4124011.721978225,2.29
302597.3396508992,4124012.039415956,1.34
302597.3622606708,4124012.352890731,2.25
302597.3820264692,4124012.671243336,2.54
302597.3987308271,4124012.985227072,1.39
302597.4192750101,4124013.298935462,2.27
302597.4406062951,4124013.614660742,3.16
302597.4638422703,4124013.92960108,2
302597.4872173982,4124014.244168074,2.77
302597.5090052886,4124014.560437723,2.39
302597.5322630086,4124014.876302733,3.38
302597.5553424277,4124015.19087668,2.47
302597.5800569261,4124015.505782247,3.07
302597.6049323243,4124015.821239137,3.05
302597.6308470365,4124016.136856623,3.43
302597.6533872389,4124016.453663688,2.77
302597.6799194591,4124016.770376866,3.78
302597.7083432882,4124017.07945907,2.48
302597.7294310559,4124017.397410513,4.26
302597.7588942299,4124017.712944544,3.2
302597.7843566538,4124018.02191136,3.55
302597.8110193239,4124018.337881326,3.72
302597.8405433886,4124018.656004431,3.55
302597.8669973128,4124018.9693888,3.86
302597.8957560112,4124019.286419689,3.34
302597.9266890079,4124019.601549078,4.55
302597.952616757,4124019.917721365,3.34
302597.9860936927,4124020.234086178,4.34
302598.0131172733,4124020.546531971,4.52
302598.0446895172,4124020.863681725,4.04
302598.077692442,4124021.178762434,4.49
302598.1113432911,4124021.489942141,5
302598.1462769938,4124021.805347512,4.88
302598.1809932822,4124022.124088651,4.89
302598.2138179012,4124022.437878299,4.59
302598.2506084424,4124022.750464457,5.35
302598.2821154605,4124023.071131435,4.35
302598.317183964,4124023.385978529,5.08
302598.3559574459,4124023.694817326,5.7
302598.3920783081,4124024.010379814,5.22
302598.422402474,4124024.324783379,4.62
302598.4641591021,4124024.634662235,5.92
302598.5056069986,4124024.950284475,5.99
302598.5450980168,4124025.26447245,5.92
302598.5817667846,4124025.578171691,5.48
302598.6190704574,4124025.893706363,5.74
302598.6582353177,4124026.206606755,5.5
302598.6988047613,4124026.516328495,6.07
302598.7382392279,4124026.828112329,6.29
302598.7792740003,4124027.14503954,6.1
302598.8191824647,4124027.458107479,5.5
302598.8669836232,4124027.767104032,7.49
302598.9068746859,4124028.079432237,6.56
302598.9501794043,4124028.392235265,6.36
302598.9954105458,4124028.705178024,6.67
302599.0353929145,4124029.01509861,6.35
302599.078219273,4124029.3264326,6.2
302599.1258986595,4124029.636542235,7.01
302599.1671029867,4124029.94809941,6.57
302599.21256021,4124030.251785039,7.04
302599.2572738446,4124030.561594353,6.55
302599.3029920243,4124030.876376021,6.86
302599.3534936157,4124031.180683159,8.24
302599.3976854254,4124031.493465326,6.93
302599.4440645979,4124031.811192029,6.83
302599.4883563847,4124032.115645215,6.52
302599.5294432834,4124032.428500406,6.7
425529432.9115791,57964692.71480107,280619
302599.6173398014,4124033.045934603,7.1
302599.6627361621,4124033.359613624,6.77
302599.7071279734,4124033.66832029,6.98
302599.7550638875,4124033.976758569,7.39
302599.7974857943,4124034.2897674,6.81
302599.8431169332,4124034.594559159,6.35
302599.8822730618,4124034.913380921,6.72
302599.926082153,4124035.222471366,6.67
302599.9681735254,4124035.527716449,6.09
302600.0081123808,4124035.842078932,5.84
302600.0470162376,4124036.150174526,6
302600.0840893282,4124036.455907704,513
302600.1218408367,4124036.771616885,5.73
302600.1545175218,4124037.085410019,4.69
302600.1893727914,4124037.384904123,4.72
302600.2192881275,4124037.700797602,4.85
302600.2510733458,4124038.014426667,4.1
302600.2809321059,4124038.32162477,4.23
302600.3042332035,4124038.633047898,3
302600.3335440456,4124038.94210925,3.38
302600.3624852729,4124039.254324913,3.16
302600.3789634402,4124039.571274558,2.44
302600.3945153231,4124039.880289427,1.53
302600.4062056527,4124040.188654971,1.93
302600.4236274206,4124040.495405432,1.63
302600.438466138,4124040.805547292,1.52
302600.4458296084,4124041.112349272,0.21
302600.4578895543,4124041.417560508,0.72
302600.46715773,4124041.729868779,1.1
302600.47390807,4124042.042051231,359.5
302600.4811497841,4124042.349966291,359.4
302600.4862650798,4124042.668108357,359.33
302600.489623494,4124042.974449421,359.57
302600.4867938603,4124043.281861202,358.66
302600.4881171426,4124043.589730421,358.65
302600.4943934856,4124043.900628766,359.69
302600.4961211756,4124044.206823148,358.93
302600.4954484441,4124044.511593694,358.97
302600.495528018,4124044.816901654,358.59
302600.5007476505,4124045.126899674,359.67
302600.4945130788,4124045.434206496,357.62
302600.4916704353,4124045.747354709,358.32
302600.4895321765,4124046.040132365,358.22
302600.4872504986,4124046.351972131,359
302600.4877518889,4124046.656344989,0.39
302600.4876357773,4124046.959622155,358.96
302600.4843886992,4124047.268153974,357.96
302600.4845987662,4124047.579009954,359.08
302600.4812038091,4124047.881254018,358.17
302600.4802093157,4124048.191213148,358.56
302600.4711133466,4124048.490075603,357.17
302600.4731063133,4124048.794968493,358.23
302600.4776606364,4124049.108127776,359.56
302600.4783098873,4124049.412497161,358.81
302600.4780589793,4124049.716332607,358.21
302600.4817392131,4124050.023776325,359.56
302600.477809405,4124050.328438439,358.04
302600.4747101911,4124050.636966781,358.13
302600.4728111957,4124050.94620704,357.9
302600.4710339288,4124051.248042987,358.53
302600.4671345668,4124051.55399964,357.79
302600.471541016,4124051.86087117,359.3
302600.4749907706,4124052.164804619,359.38
302600.4760748872,4124052.468793705,358.68
302600.4732583405,4124052.776760292,358.3
302600.4698981976,4124053.080483828,358.03
302600.4692124456,4124053.384699576,358.7
302600.4688528436,4124053.690202908,358.51
302600.4663363518,4124053.998347473,358.31
302600.4659854529,4124054.304220675,358.5
302600.4621948116,4124054.608509445,358.09
302600.4597479136,4124054.919612954,358.5
302600.4589795552,4124055.22660619,358.42
302600.4585199513,4124055.534147274,358.43
302600.4525550292,4124055.840337545,357.48
302600.45239548,4124056.148056607,358.66
302600.4516053812,4124056.454125174,358.52
302600.4494846109,4124056.760225035,358.28
302600.4497207782,4124057.065899394,358.75
302600.4463215395,4124057.37424976,358.08
302600.446749052,4124057.681769979,358.44
302600.4444978368,4124057.988613055,358.47
302600.444177393,4124058.295780795,358.55
302600.4409782032,4124058.606346891,358.24
302600.439335795,4124058.913915795,358.41
302600.4380890987,4124059.219439993,358.24
302600.4345550628,4124059.528348636,357.86
302600.4320168481,4124059.835568536,358.55
302600.4293873255,4124060.145196054,358.16
302600.4284711318,4124060.452192769,358.24
302600.4241282531,4124060.758159859,358.09
302600.4218074851,4124061.068335224,358.53
302600.419369282,4124061.373517374,357.84
302600.4152221021,4124061.681515261,357.98
302600.4100573589,4124061.990277224,357.91
302600.4081670995,4124062.299887355,358.21
302600.405633245,4124062.607292189,358.27
302600.403790838,4124062.918936597,358.52
302600.399921965,4124063.226187794,358.05
302600.3932308665,4124063.532950257,357.03
302600.3927538947,4124063.839751608,358.65
302600.3870281942,4124064.149822019,357.95
302600.3812677045,4124064.458412958,357.83
302600.3775858385,4124064.767325083,357.12
302600.3732647248,4124065.074216845,357.93
302600.3698394194,4124065.38145761,357.93
302600.3643354931,4124065.68837719,357.65
302600.3642151238,4124065.997760663,358.69
302600.3613551331,4124066.303877916,357.83
302600.3542552853,4124066.612130284,357.72
302600.3480555996,4124066.920916591,357.58
302600.3456435162,4124067.227208346,358.23
302600.3412050075,4124067.535398124,358.12
302600.3373709535,4124067.844128795,357.42
302600.3357155324,4124068.151142899,358.38
302600.332307666,4124068.465414634,358.5
302600.3332265888,4124068.768667469,358.17
302600.33126242,4124069.075133728,358.65
302600.3293939398,4124069.385668534,358.56
302600.3321479816,4124069.691468718,358.33
302600.3279964529,4124069.992990442,358.62
302600.3276499872,4124070.305339815,358.57
302600.3267338334,4124070.612336535,358.14
302600.3286442587,4124070.920006922,359.14
302600.3306590464,4124071.225824493,359.01
302600.3272424638,4124071.53343513,358.07
302600.3266437635,4124071.841349564,358.72
302600.3257015183,4124072.147236682,358.58
302600.32722059,4124072.457136711,358.65
302600.326356605,4124072.760061407,358.53
302600.3278278349,4124073.06792716,359.04
302600.3250679075,4124073.378297898,358.08
302600.3251954256,4124073.685640146,358.87
302600.3257621468,4124073.992787029,358.76
302600.3251417077,4124074.299776797,358.27
302600.3239255176,4124074.606595539,358.73
302600.321513462,4124074.912887298,358.27
302600.3203538146,4124075.222110182,358.45
302600.3180809158,4124075.528028597,358.11
302600.3195608488,4124075.836264221,358.52
302600.3143439705,4124076.142806983,358.7
302600.3139627303,4124076.453676887,358.15
302600.31050702,4124076.75962312,358.19
302600.3107693525,4124077.066407091,358.55
302600.3099663092,4124077.378212098,358.62
302600.3100198984,4124077.68241047,358.22
302600.3094821111,4124077.992913985,359.01
302600.3070700701,4124078.299205745,357.88
302600.3049928774,4124078.607154957,358.54
302600.3035810329,4124078.918234137,358.27
302600.3051870556,4124079.219250383,358.75
302600.3014356854,4124079.531494805,358.31
302600.3038636344,4124079.842298641,358.67
302600.2986119744,4124080.147361934,358.35
302600.29979622,4124080.455604514,358.15
302600.2990975454,4124080.765556706,358.67
302600.2945460337,4124081.075229438,358.39
302600.2940387023,4124081.387027492,358.21
302600.294035794,4124081.695112958,358.37
302600.2974465162,4124082.003673248,359.59
302600.2974131914,4124082.316755408,358.47
302600.2994845545,4124082.624977125,358.66
302600.297620472,4124082.935696872,358.59
302600.2973349104,4124083.244344095,358.67
302600.2990366617,4124083.555720122,359.26
302600.2996077687,4124083.863051941,358.74
302600.298565555,4124084.170976816,358.23
302600.2954142787,4124084.477285966,358.51
302600.3009123296,4124084.78653731,359.17
302600.2974088384,4124085.096740506,358.13
302600.2982495558,4124085.402955769,359.27
302600.304891274,4124085.71051489,359.2
302600.3022227312,4124086.024769246,358.91
302600.3051072706,4124086.329826226,358.76
302600.3106705396,4124086.635560346,0.01
302600.3116417425,4124086.947323629,359.08
302600.3126433946,4124087.260381451,358.19
302600.3127535579,4124087.566983971,359.5
302600.3145336117,4124087.88168881,358.62
302600.318300919,4124088.186539992,359.07
302600.3172717977,4124088.501310902,359.37
302600.3228350696,4124088.807045024,359.32
302600.3203665534,4124089.117223881,358.44
302600.324964457,4124089.425941289,359.2
302600.3289927024,4124089.735597276,359.77
302600.3295072829,4124090.040524959,358.56
302600.332652774,4124090.350386744,359.13
302600.3293232497,4124090.661696069,358.05
302600.3326035427,4124090.970999575,359.16
302600.3355707393,4124091.279570299,358.51
302600.3367724181,4124091.588552621,359.68
302600.3434837413,4124091.899070688,359.58
302600.3442984097,4124092.210467583,359
302600.3469655561,4124092.518860328,359.03
302600.3440361018,4124092.828309884,358.62
302600.3461596859,4124093.138750813,358.61
302600.344908789,4124093.450381325,358.55
302600.3497415147,4124093.756502705,359.27
302600.3527739912,4124094.074138673,359.56
302600.3535842861,4124094.379059404,358.95
302600.360960929,4124094.686416207,359.55
302600.3614581873,4124095.00318662,359.17
302600.3602159667,4124095.308895768,358.66
302600.3612393578,4124095.61658703,358.88
302600.3697683988,4124095.92891271,359.64
302600.3649255591,4124096.232486106,358.14
302600.3676275099,4124096.542358328,359.59
302600.3718905849,4124096.849418287,359.13
302600.3697003991,4124097.158850457,358.63
302600.3718718131,4124097.465034429,358.8
302600.3725255967,4124097.775880002,359.59
302600.37392731,4124098.080786823,358.83
302600.3753507978,4124098.392909548,358.27
302600.3770090694,4124098.69614501,359.12
302600.3821766568,4124099.003923842,359.65
302600.3823390774,4124099.319036807,358.46
302600.3824188304,4124099.624344793,358.31
302600.3832030779,4124099.934447153,358.77
302600.3841003815,4124100.243066565,358.49
302600.3880720807,4124100.544027183,359.51
302600.38642115,4124100.857517469,359.07
302600.3939369609,4124101.16450093,359.45
302600.3984087619,4124101.467855257,359.16
302600.3931180959,4124101.783836619,358.2
302600.3963201304,4124102.08981132,358.57
302600.3982697641,4124102.392854895,359.39
302600.3933226183,4124102.704572343,358.12
302600.3943634002,4124103.006712112,358.29
302600.4017487341,4124103.308147554,359.67
302600.4044289879,4124103.62338634,0.04
302600.4016604371,4124103.92709599,357.53
302600.3986831754,4124104.234511277,358.42
302600.399806633,4124104.546456025,358.67
302600.4015258122,4124104.852280564,358.09
302600.399279173,4124105.171891062,357.98
302600.3940492911,4124105.465296569,359.14
302600.3882106728,4124105.770558716,356.62
302600.3925390119,4124106.08039269,359.82
302600.3839868529,4124106.377206989,357.68
302600.3859538975,4124106.680990301,357.32
302600.3654258638,4124106.990668728,356.28
302600.3627007895,4124107.289936488,358.43
302600.3733345071,4124107.591110497,359.9
302600.3743840012,4124107.893620136,359.03
302600.3888530888,4124108.181751401,359.06
302600.3663943318,4124108.4973964,356.36
302600.3502844739,4124108.812522007,355.98
302600.3577697656,4124109.099337234,357.68
302600.3483218745,4124109.408384996,358.6
302600.3395871116,4124109.710014534,356.38
302600.3375099975,4124110.011672527,357.7
302600.3404989623,4124110.314876698,358.88
302600.3405483079,4124110.618890152,359.43
302600.3318961588,4124110.917742204,357.17
302600.3317367589,4124111.219170059,358.2
302600.3252284724,4124111.521117305,357.42
302600.3180026776,4124111.824006611,357.62
302600.3212134059,4124112.12405995,358.93
302600.315392214,4124112.430061835,357.97
302600.3137195185,4124112.730044993,358.07
302600.3131079043,4124113.037404646,358.52
302600.3029120485,4124113.339808695,357.18
302600.3014089523,4124113.640713046,357.97
302600.2996927985,4124113.945138094,358.26
302600.2978418393,4124114.250121425,358.41
302600.2970866999,4124114.551378257,358
302600.295092244,4124114.856549999,358.68
302600.2938109448,4124115.160594749,358
302600.28972918,4124115.465075438,358.38
302600.2891610429,4124115.767993199,358.2
302600.2851357917,4124116.068586797,358.16
302600.280593079,4124116.372338181,357.55
302600.2808381387,4124116.678382434,358.84
302600.2790045898,4124116.984105501,358.32
302600.2818500753,4124117.287498085,359.15
302600.2808470899,4124117.590796147,358.1
302600.2787569885,4124117.898190575,358.26
302600.2780714535,4124118.202406352,358.38
302600.2774598285,4124118.503474775,358.63
302600.2759437365,4124118.810115559,358.84
302600.2719141751,4124119.116815456,358.07
302600.2719026583,4124119.418239837,359.01
302600.2738436832,4124119.727204783,358.86
302600.276837025,4124120.030593893,358.96
302600.2770777515,4124120.336453213,358.84
302600.2768835876,4124120.6364016,358.58
302600.2748674384,4124120.946939908,358.26
302600.274160166,4124121.250231017,358.4
302600.2748574915,4124121.556634707,359.12
302600.2757548366,4124121.858962893,358.46
302600.274430099,4124122.167449541,358.66
302600.276340681,4124122.475119953,359.11
302600.2779077211,4124122.780763044,358.71
302600.277283095,4124123.087567899,358.58
302600.2788979813,4124123.395245264,358.93
302600.2795822672,4124123.701094153,358.44
302600.2764702766,4124124.009067729,358.87
302600.2810334843,4124124.316305678,358.76
302600.2795391548,4124124.623871136,358.67
302600.2796407399,4124124.930103803,358.76
302600.2781029221,4124125.235819919,358.56
302600.2766042487,4124125.543200441,358.52
302600.2793454362,4124125.854737079,358.89
302600.2811168779,4124126.162780837,359.16
302600.2839189274,4124126.470615319,358.97
302600.2835509033,4124126.782040048,358.61
302600.2852832327,4124127.094710633,358.85
302600.2873851461,4124127.397935676,359.19
302600.2857691066,4124127.712905447,358.18
302600.2871709467,4124128.024103514,359.06
302600.2808932145,4124128.329561038,357.8
302600.2844301764,4124128.637193203,359.48
302600.2855189142,4124128.947658489,358.98
302600.2859423128,4124129.254993807,358.38
302600.2865527433,4124129.570281288,358.69
302600.2842974307,4124129.876939463,358.47
302600.2834467195,4124130.186710219,358.41
302600.2855312771,4124130.49548676,359.06
302600.2876462798,4124130.805557839,358.91
302600.2852040087,4124131.116846318,358.72
302600.2884669901,4124131.419118873,358.6
302600.2868596305,4124131.728167281,358.75
302600.2863655211,4124132.040520161,358.36
302600.2906460935,4124132.348319871,359.84
302600.2925610551,4124132.65617522,358.61
302600.2905971393,4124132.96893274,358.46
302600.2911031602,4124133.273490575,358.3
302600.2905264128,4124133.582329707,359.07
302600.2933806776,4124133.892383402,358.98
302600.2972959623,4124134.197231124,359.49
302600.2946928043,4124134.507968281,358.25
302600.2993516909,4124134.812983552,359.81
302600.3030626176,4124135.121721844,359.1
302600.3043557756,4124135.434587797,359.19
302600.3038920867,4124135.741943984,358.42
302600.3067420077,4124136.051812743,358.84
302600.3056434251,4124136.357333499,358.91
302600.3063016891,4124136.668364022,358.16
302600.3108692768,4124136.975786914,0.05
302600.314445403,4124137.285083486,358.53
302600.3094896626,4124137.590139851,358.57
302600.3175709007,4124137.902291045,359.9
302600.3216340456,4124138.207135293,359.23
302600.3216530678,4124138.516145455,358.74
302600.3262902835,4124138.832818522,359.71
302600.3274138165,4124139.138472052,358.36
302600.3287504477,4124139.446896115,359.34
302600.3337833398,4124139.755233245,359.03
302600.3327326134,4124140.062788276,358.99
302600.3335604835,4124140.374739994,358.32
302600.337097475,4124140.682372162,359.47
302600.3428739405,4124140.984585605,358.96
302600.3419624362,4124141.304349758,359.19
302600.3414466385,4124141.622069205,358.98
302600.3450923059,4124141.921742257,359.07
302600.3427935751,4124142.23284233,358.67
302600.3505269285,4124142.542781274,358.99
302600.3501937515,4124142.855685483,358.85
302600.3439770028,4124143.170023324,357.95
302600.3546151385,4124143.471382279,359.35
302600.3498681994,4124143.785315479,358.77
302600.3485348346,4124144.093432269,358.45
302600.3517500706,4124144.406253022,359.14
302600.3570656263,4124144.714028398,359.48
302600.349870445,4124145.024503489,358.32
302600.3539249409,4124145.335269104,359.14
302600.35361787,4124145.649282917,358.29
302600.3534281696,4124145.955707483,358.96
302600.3516338981,4124146.269386202,358.06
302600.3504135952,4124146.576020043,358.58
302600.3484453448,4124146.882301403,358.27
302600.3497863805,4124147.197201637,358.35
302600.3485791295,4124147.50439028,358.96
302600.3465674167,4124147.815113534,358.69
302600.3493695607,4124148.129239258,359.17
302600.3489102658,4124148.436780384,358.66
302600.3453069674,4124148.742730127,357.96
302600.3452347146,4124149.054147912,358.81
302600.3452233243,4124149.36186354,358.21
302600.3460337911,4124149.666784293,358.76
302600.3432654386,4124149.976785199,358.2
302600.3408623452,4124150.28344686,358.22
302600.3435688069,4124150.593504038,358.7
302600.3416875614,4124150.903484079,358.37
302600.3420544836,4124151.208415265,358.52
302600.3385251376,4124151.517508889,358.19
302600.3405575626,4124151.824066231,358.71
302600.3353496698,4124152.130978897,358.15
302600.3373125363,4124152.440868529,358.2
302600.3361835628,4124152.745094753,358.84
302600.3384855893,4124153.050535537,358.91
302600.3375175162,4124153.355313085,358.76
302600.3379453421,4124153.662833349,358.49
302600.3346334478,4124153.97488244,358.11
302600.3345568284,4124154.279824059,358.1
302600.3324755516,4124154.587588372,358.66
302600.3326163767,4124154.895485459,358.75
302600.3317135531,4124155.203037019,358.68
302600.3314412452,4124155.505947843,358.17
302600.332973617,4124155.81640271,359.21
302600.3317446501,4124156.122666687,358.86
302600.332228992,4124156.42629986,358.4
302600.3310304717,4124156.733858376,358.57
302600.3313322045,4124157.04230679,358.94
302600.3320818368,4124157.350929704,358.36
302600.332948873,4124157.658254602,359.03
302600.3335289097,4124157.965956324,358.58
302600.3301865868,4124158.276710879,358.11
302600.3338801775,4124158.584709445,359.01
302600.3297159623,4124158.891967639,358.51
302600.3301568525,4124159.200042708,358.79
302600.3322284443,4124159.50826446,358.8
302600.3290035299,4124159.817720999,358.38
302600.3317665269,4124160.123891091,358.65
302600.3314812213,4124160.432538348,359
302600.3304479624,4124160.740833123,358.42
302600.3337110574,4124161.049396923,359.2
302600.3323777561,4124161.357513721,358.8
302600.330883551,4124161.665079194,358.35
302600.3312809522,4124161.971304923,358.63
302600.331369611,4124162.276982806,358.74
302600.327470662,4124162.58293951,358.08
302600.3271636123,4124162.8906621,358.22
302600.3240952613,4124163.200485031,358.47
302600.3245970194,4124163.504857943,358.3
302600.3234854836,4124163.809823909,358.8
302600.3193517375,4124164.118376644,358.06
302600.3198056581,4124164.420715284,358.31
302600.3156806112,4124164.729637889,358.41
302600.3130949267,4124165.034823562,357.76
302600.3122660425,4124165.339227772,358.78
302600.307701767,4124165.64205451,357.83
302600.3053682896,4124165.945383888,358.13
302600.2977992042,4124166.252537133,357.8
302600.3001925816,4124166.555570303,359.63
302600.2948107998,4124166.86137685,358.07
302600.2931513693,4124167.168206067,357.81
302600.2910048955,4124167.473196376,358.78
302600.2872842303,4124167.774152909,357.26
302600.2825417016,4124168.081979821,358.03
302600.2815953926,4124168.381390814,358.34
302600.2737480151,4124168.689290751,357.18
302600.2734496531,4124168.991091976,358.69
302600.2680809326,4124169.297453325,357.56
302600.2661431726,4124169.598738001,358.52
302600.2634705513,4124169.906516231,358.39
302600.2629547845,4124170.211653224,357.99
302600.2554509283,4124170.515289247,357.79
302600.2527913594,4124170.823622279,357.8
302600.2500143513,4124171.126962093,358.1
302600.2474852338,4124171.434551913,358.61
302600.2418381872,4124171.73536872,356.96
302600.2406919167,4124172.04514645,358.93
302600.236001567,4124172.348901338,356.46
302600.2336551005,4124172.657967153,359.5
302600.2335611463,4124172.962169046,357.52
302600.2276793371,4124173.271873117,358.86
302600.2224671835,4124173.578600861,357.55
302600.2217296761,4124173.886888687,359.57
302600.2176524752,4124174.191554338,357.62
302600.212640372,4124174.500497811,358.32
302600.2132944091,4124174.811343418,358.54
302600.207308216,4124175.116609077,358.02
302600.2057619035,4124175.428246582,358.42
302600.2008237143,4124175.734042699,357.27
302600.1959551152,4124176.042797763,357.64
302600.190725575,4124176.348785769,356.85
302600.1904403231,4124176.657433035,358.93
302600.1837322894,4124176.963455818,356.59
302600.1871563364,4124177.272570949,359.84
302600.1798395051,4124177.577867906,357.01
302600.1803152545,4124177.887422454,358.18
302600.1724940224,4124178.196432,357.09
302600.1704824234,4124178.507155268,358.44
302600.1684969256,4124178.818988141,358.06
302600.1618367102,4124179.120753963,357.33
302600.1614688652,4124179.432178717,358.71
302600.1635622693,4124179.741325147,358.24
302600.157436947,4124180.046964154,357.77
302600.1561472081,4124180.3569303,358.33
302600.1525440352,4124180.662880057,357.12
302600.1474232515,4124180.973491418,358.48
302600.1467988265,4124181.2802963,356.55
302600.1445958942,4124181.589173706,359.05
302600.1391141722,4124181.897018013,356.16
302600.1360154497,4124182.205546415,358.24
302600.1316947812,4124182.512438231,356.76
302600.1240214171,4124182.821444303,357.97
302600.1219706923,4124183.130503167,356.61
302600.1179848748,4124183.439052437,357.75
302600.1104289538,4124183.753051724,357.87
302600.1142051925,4124184.05198158,357.92
302600.104370669,4124184.369735189,355.72
302600.10265045,4124184.68026657,359.11
302600.098038404,4124184.981059043,355.78
302600.0937308329,4124185.294796897,358.27
302600.0884187288,4124185.603562397,356.97
302600.0836371242,4124185.909724911,354.6
302600.0819299577,4124186.220811096,357.97
302600.0748697949,4124186.537019163,357.76
302600.0752324874,4124186.841765432,358.19
302600.0689680463,4124187.147777786,358.86
302600.0693134167,4124187.464366786,358.03
302600.0660668653,4124187.772898669,358.69
302600.0619462668,4124188.08200622,357.39
302600.0617219547,4124188.393242565,356.28
302600.0530919267,4124188.69931056,357.08
302600.0518935625,4124189.013160324,358.78
302600.046707571,4124189.320997678,357.85
302600.044335078,4124189.628953896,357.07
302600.0372097216,4124189.948679188,358.32
302600.0322237437,4124190.252441041,355.79
302600.0325864889,4124190.563478543,358.69
302600.0281876372,4124190.879624019,357.95
302600.0231929615,4124191.183016004,357.33
302600.0211466564,4124191.498551039,358.15
302600.0168216795,4124191.805257927,357.07
302600.0143404936,4124192.114882029,357.19
302600.0069803032,4124192.430912121,358.08
302599.9995722381,4124192.738616703,355.71
302599.9960995643,4124193.043823254,357.91
302599.9908135914,4124193.353698362,357.66
302599.9839404174,4124193.665276128,357.63
302599.9790414497,4124193.972736661,355.77
302599.9738989759,4124194.282423357,359.04
302599.9674606213,4124194.58732959,356.18
302599.9585001635,4124194.898216303,356.71
302599.9523618971,4124195.209591747,357.28
302599.9495023782,4124195.515709062,358.97
302599.9349671038,4124195.822286023,353.69
302599.9300724934,4124196.129931491,357.54
302599.9226210257,4124196.448369203,359.14
302599.9130908494,4124196.747612029,354.29
302599.9040825571,4124197.05646447,356.51
302599.8968962693,4124197.361018222,357.32
302599.8887663774,4124197.669479931,356.6
302599.8725917588,4124197.981831577,356.38
302599.8726239643,4124198.278814098,357.12
302599.8622372623,4124198.59824603,357.81
302599.8526462073,4124198.89489978,356.4
302599.8415375842,4124199.202506369,355.87
302599.8387477199,4124199.517873861,357.51
302599.8279043174,4124199.817887723,356.68
302599.814556248,4124200.130913034,354.89
302599.8047304359,4124200.436454052,356.5
302599.7991531079,4124200.740229819,357.68
302599.7882836884,4124201.051716543,356.97
302599.7833717049,4124201.35862228,356.5
302599.7744547793,4124201.671358337,354.75
302599.7675816113,4124201.976644873,357.07
302599.7529464106,4124202.291550822,356.65
302599.7472821373,4124202.597919144,356.61
302599.7373172226,4124202.910124741,356.72
302599.7227341442,4124203.214667433,355.02
302599.7216054002,4124203.525184915,358.47
302599.718754623,4124203.8316721,359.33
302599.7029105399,4124204.145496267,355.41
302599.6961330717,4124204.454851354,356.54
302599.6925517514,4124204.761725795,357.54
302599.6839696884,4124205.076119304,356.02
302599.679523021,4124205.38393928,354.37
302599.6679448301,4124205.696737933,356.3
302599.658566944,4124206.002453454,356.75
302599.6537898204,4124206.315092147,357.28
302599.6422333829,4124206.62881547,355.84
302599.6328250906,4124206.939527689,357.88
302599.6244082116,4124207.242074993,357.04
302599.6121386263,4124207.556925307,356.67
302599.6070136967,4124207.879934215,359.34
302599.5951832415,4124208.182006696,352.98
302599.5817351822,4124208.490778531,356.49
302599.5795367568,4124208.806132119,357.9
302599.5721722665,4124209.115686052,358.37
302599.5618855941,4124209.426789003,354.83
302599.5522120646,4124209.738802716,356.9
302599.5382987587,4124210.052951548,355.93
302599.533552066,4124210.360593547,357.85
302599.5215086457,4124210.678769199,356.64
302599.5078736035,4124210.985880106,354.94
302599.5003960364,4124211.290625755,357.2
302599.4923531713,4124211.596494918,355.62
302599.4830145029,4124211.910166083,355.41
302599.4780895229,4124212.216517022,357.18
302599.4717165412,4124212.530488507,358.19
302599.4600557044,4124212.833482184,355.96
302599.450977943,4124213.145666924,357.09
302599.4441309307,4124213.452063069,356.54
302599.4317613814,4124213.768951141,356.7
302599.4258797215,4124214.072364002,357
302599.4170672189,4124214.383247249,357.19
302599.4054151312,4124214.692902028,356.45
302599.4017817,4124215.003848501,357.5
302599.3914646129,4124215.313656917,357.28
302599.3851350646,4124215.616895278,357.18
302599.3802709997,4124215.925835294,358.1
302599.3694016626,4124216.237322029,357.23
302599.3638722596,4124216.543132078,357.26
302599.3549597256,4124216.849761843,357.29
302599.3468690823,4124217.159887969,358.06
302599.3404308784,4124217.471085447,356.8
302599.3306312551,4124217.777736077,357.27
302599.3297460368,4124218.079736171,357.74
302599.3216423903,4124218.395598728,357.41
302599.3141779092,4124218.700899183,357.68
302599.3083441607,4124219.012637554,357.32
302599.2972095511,4124219.319134549,357.15
302599.2901538278,4124219.6229451,356.75
302599.2836851883,4124219.93284804,357.43
302599.2745726273,4124220.237262078,357.37
302599.2687692897,4124220.544003754,356.89
302599.2539428162,4124220.850772619,356.99
302599.2491613775,4124221.156935152,357.14
302599.2427927479,4124221.464800343,357.26
302599.2363153807,4124221.768042182,357.02
302599.2274202724,4124222.075411687,357.48
302599.2171466778,4124222.380778216,357.24
302599.2123174398,4124222.691197708,357.82
302599.2034179489,4124222.992091045,356.87
302599.1907048312,4124223.294369336,356.37
302599.1880454866,4124223.602702393,357.35
302599.180672339,4124223.905595231,357.33
302599.1715076005,4124224.207790063,356.83
302599.1627255963,4124224.519967853,357.24
302599.1558046938,4124224.823220127,357.06
302599.1509884385,4124225.121611955,357.38
302599.1377144642,4124225.437781162,356.76
302599.13400706,4124225.733001293,357.35
302599.1249032285,4124226.0377852,356.67
302599.1187085316,4124226.340465288,358.09
302599.111426734,4124226.64724174,357.17
302599.102505515,4124226.94721041,356.9
302599.0959325198,4124227.25267494,357.34
302599.086315594,4124227.56080157,357.21
302599.0830169877,4124227.860823032,357.59
302599.073726174,4124228.163946013,357.01
302599.0676532353,4124228.465513018,356.35
302599.058884262,4124228.77195438,357.43
302599.0519677323,4124229.07539159,356.97
302599.0447207074,4124229.377356284,357.57
302599.0385173269,4124229.679666503,357.5
302599.0295961211,4124229.979635174,356.94
302599.0210097631,4124230.281261297,358.43
302599.0125321103,4124230.581219537,356
302599.0051676923,4124230.884482246,357.42
302598.9947071468,4124231.188187849,356.75
302598.9884124749,4124231.49290569,357.64
302598.9816568131,4124231.790602992,356.48
302598.9731879057,4124232.097222334,357.6
302598.9624969153,4124232.403708905,356.5
302598.9567849436,4124232.708042968,357.86
302598.9420498424,4124233.01240422,356.28
302598.9345767355,4124233.317334815,357.19
302598.929234369,4124233.618514568,357.55
302598.9168735943,4124233.929481283,356.65
302598.9083655535,4124234.234436221,356.75
302598.8974179843,4124234.536302919,356.86
302598.8857703202,4124234.839851411,355.42
302598.8841242224,4124235.147235462,358.62
302598.8778426558,4124235.458799341,357.13
302598.8680865452,4124235.754716854,355.4
302598.8550256451,4124236.061074131,357.07
302598.8476960524,4124236.365816314,353.81
302598.836626747,4124236.668796096,357.04
302598.8251834068,4124236.962162786,355.62
302598.8148230223,4124237.282704343,356.75
302598.8088501346,4124237.582233602,356.94
302598.8016423413,4124237.892153941,358.02
302598.7917645762,4124238.201767005,356.42
302598.7861700704,4124238.511094289,358.27
302598.7826758187,4124238.80908496,356.42
302598.767845141,4124239.121960136,356.38
302598.7567280434,4124239.429196878,356.54
302598.7465066975,4124239.73049139,357.09
302598.7330153273,4124240.037413904,356.1
302598.726824966,4124240.327696464,356.6
302598.7205955394,4124240.628897084,358.31
302598.7100437891,4124240.941301547,356.63
302598.69778298,4124241.237648048,357.32
302598.6947584233,4124241.543029126,357.59
302598.6771490481,4124241.850973679,355.92
302598.6703977066,4124242.136273453,356.56
302598.657041187,4124242.448928923,357.01
302598.6457501227,4124242.748768307,356.41
302598.635828802,4124243.043949565,356.96
302598.6266163641,4124243.350401367,357.23
302598.6182604855,4124243.642955296,356.89
302598.607447768,4124243.944263721,356.28
302598.5967263146,4124244.236873292,357.09
302598.5886444303,4124244.534786832,357.14
302598.5836326152,4124244.837439108,357.12
302598.5712370644,4124245.140635124,356.38
302598.564198826,4124245.438894192,357.05
302598.554681961,4124245.738691846,356.96
302598.546791432,4124246.038451251,357.14
302598.5425492729,4124246.336089444,358.18
302598.5349979424,4124246.637691234,356.57
302598.5254854265,4124246.937673824,357.05
302598.5155902706,4124247.240255924,356.87
302598.5062126058,4124247.545971468,357.53
302598.5038098792,4124247.846341944,357.41
302598.5011549591,4124248.148568715,358.44
302598.4905640591,4124248.453017543,357.21
302598.482064792,4124248.758342355,356.31
302598.4733959277,4124249.062745975,357.45
302598.4618135509,4124249.362777253,356.22
302598.4546101685,4124249.672882532,357.25
302598.4489895838,4124249.974808984,358.14
302598.4346676848,4124250.277865276,355.94
302598.4289818976,4124250.583308954,357.44
302598.4169212296,4124250.888162423,356.99
302598.4078262714,4124251.19960745,356.97
302598.399953209,4124251.506397826,356.4
302598.3830265914,4124251.811920856,356.08
302598.371966112,4124252.121561749,356.97
302598.3623492791,4124252.42339716,356.25
302598.3518584491,4124252.732099472,357.48
302598.3407805335,4124253.034709394,355.84
302598.3328857371,4124253.340575103,357.06
302598.3224775098,4124253.646499928,357.04
302598.3076164379,4124253.951789341,354.76
302598.298051812,4124254.255843962,357.8
302598.2842605229,4124254.568879739,356.54
302598.2745306535,4124254.872198102,356.1
302598.2640788973,4124255.169982352,356.7
302598.2492004362,4124255.474532031,356.16
302598.2350090203,4124255.776845112,356.46
302598.2225787375,4124256.078561664,355.66
302598.207795972,4124256.387179891,356.28
302598.199257558,4124256.684549069,356.17
302598.186849034,4124256.987190291,356.14
302598.175679842,4124257.292207835,356.51
302598.164045357,4124257.596311141,356.24
302598.1477753769,4124257.898303042,355.99
302598.1342362645,4124258.203191292,356.18
302598.1197839248,4124258.500699569,356
302598.1082146934,4124258.807576888,356.39
302598.0925622162,4124259.110664484,355.41
302598.0751399065,4124259.413978743,355.56
302598.060604973,4124259.714264507,355.43
302598.0425086742,4124260.020370166,355.92
302598.0266257101,4124260.319947493,355.55
302598.0120212279,4124260.623565549,355.73
302597.995064226,4124260.927794046,355.61
302597.9758025017,4124261.228376026,355.19
302597.9612719303,4124261.528846727,355.99
302597.9395968361,4124261.833741307,354.27
302597.9188131815,4124262.138799958,355.08
302597.899125324,4124262.440132106,354.91
302597.8787721732,4124262.744625521,354.6
302597.8587842706,4124263.045779692,355.29
302597.8350435767,4124263.338325423,354.23
302597.8179822449,4124263.644406741,355.13
302597.7886885615,4124263.939858628,353.56
302597.7687137225,4124264.241567601,354.53
302597.7438163915,4124264.541541991,354.32
302597.7175797311,4124264.841177811,353.53
302597.6927259055,4124265.143001542,353.96
302597.6666196948,4124265.441894148,353.64
302597.6414093265,4124265.747426994,354.1
302597.6111459769,4124266.045677234,352.75
302597.5862965541,4124266.353977135,354.27
302597.5523370879,4124266.664896783,353.17
302597.5253526392,4124266.983053827,353.6
302597.4947981703,4124267.312952131,353.36
302597.4618911853,4124267.643460875,353.02
302597.4270448189,4124267.979566327,352.66
302597.3921246015,4124268.325110371,352.73
302597.3539039652,4124268.681279112,352.59
302597.3164834734,4124269.040019542,352.63
302597.2744536804,4124269.410340642,352.51
302597.2286799291,4124269.791296874,351.76
302597.182362727,4124270.186883758,352.04
302597.1407202118,4124270.59253769,352.74
302597.0910808935,4124271.004115841,351.77
302597.0355625004,4124271.423603798,351.03
