302576.8417193126,4123939.830395195,201.56
302576.6589212811,4123939.398564239,202.08
302576.4767624605,4123938.962462418,201.3
302576.2936208425,4123938.528604152,201.44
302576.1066219506,4123938.094281505,201.96
302575.9216582026,4123937.658430704,201.7
302575.7312934314,4123937.225667522,202.32
302575.5429637607,4123936.785084953,201.97
302575.3566344355,4123936.341494758,201.64
302575.1647084238,4123935.905252618,202.33
302574.9727649924,4123935.468270746,202.14
302574.7835741871,4123935.02252743,201.91
302574.3932338114,4123934.144644698,202.64
302574.1961762719,4123933.704082402,202.8
302573.9980576341,4123933.26243485,202.84
302573.800613001,4123932.817995906,202.86
302573.5993763411,4123932.375866593,202.65
302573.400783636,4123931.93293495,203.13
302573.1999165895,4123931.493942567,202.82
302572.9994800018,4123931.048093719,203.35
302572.7982519596,4123930.60633429,203.13
302572.5947408801,4123930.168144254,203.34
302572.3898599466,4123929.728321116,203.7
302571.9864905471,4123928.850004782,203.25
302571.78393176,4123928.414567906,203.6
302571.5790898534,4123927.970117957,203.56
302571.3756004084,4123927.532852616,203.7
302571.1680232199,4123927.097903863,204.02
302570.9602894581,4123926.662588725,204.07
302570.7560345836,4123926.22423118,203.7
302570.5509839072,4123925.789778121,204.07
302570.3450069394,4123925.353681528,203.75
302570.1397996704,4123924.918862088,203.98
302569.932196264,4123924.482803756,204.13
302569.5148542273,4123923.614253021,204.19
302569.3033326436,4123923.18143248,204.59
302569.0971772922,4123922.750336085,204.21
302568.8868298045,4123922.317117864,204.64
302568.6785435558,4123921.883481091,204.37
302568.4643518584,4123921.456644532,205.03
302568.2534694392,4123921.025844378,204.97
302568.0433219242,4123920.594841905,204.61
302567.8318654491,4123920.164795407,204.86
302567.6196609821,4123919.734396433,205.11
302567.4041297919,4123919.307221331,205.13
302566.9738936234,4123918.456552432,205.29
302566.7608193915,4123918.033205313,205.28
302566.545696929,4123917.610831556,205.71
302566.3303613409,4123917.185687275,205.66
302566.1132384749,4123916.76632116,205.91
302565.8966243577,4123916.343427395,205.94
302565.6795145012,4123915.924616095,205.86
302565.462148064,4123915.507476158,206.08
302565.2448598183,4123915.081082574,206.14
302565.0252537713,4123914.663070146,206.3
302564.8050910921,4123914.246551106,206.53
302564.363161017,4123913.414475966,206.86
302564.1400760277,4123913.005797201,206.93
302563.9215396664,4123912.589239925,206.73
302563.6980762738,4123912.177054382,206.91
302563.4756043944,4123911.76928639,207.29
302563.2529802885,4123911.361336948,207.08
302563.0264032406,4123910.955145819,207.63
302562.8049010289,4123910.544579491,207.38
302562.5815332838,4123910.142753754,207.55
302562.3593527082,4123909.741085131,207.53
302562.1377983296,4123909.340882074,207.68
302561.6985119816,4123908.539460883,207.14
302561.4798407347,4123908.142335642,207.59
302561.260043179,4123907.747642367,208.03
302561.0417285024,4123907.353099255,207.62
302560.8224092711,4123906.95987503,207.59
302560.6042294079,4123906.571064879,207.99
302560.3890196664,4123906.182739979,207.72
302560.1738142563,4123905.794600016,207.62
302559.9591524464,4123905.410703107,207.89
302559.7462735733,4123905.027134335,207.71
302559.5314421175,4123904.642316242,207.89
302559.1020967119,4123903.886180252,208.26
302558.8905485051,4123903.508871431,208.02
302558.6793655928,4123903.134514602,208.13
302558.4662388004,4123902.75927832,207.79
302558.260200267,4123902.377214004,207.27
302558.0513351726,4123902.007058501,207.99
302557.8398782273,4123901.633633317,208.3
302557.630752143,4123901.258673019,207.75
302557.4204084515,4123900.888552309,208.06
302557.2113997333,4123900.512294004,207.92
302557.0082095346,4123900.138119274,207.24
302556.5927489941,4123899.381101669,207.46
302556.3865059985,4123899.009219195,207.31
302556.1811631135,4123898.631579428,207.56
302555.9780685327,4123898.261473264,207.14
302555.7699251234,4123897.890560686,208.02
302555.5657041728,4123897.516595267,207.41
302555.3618093672,4123897.143917431,207.27
302555.1621370773,4123896.768364731,206.81
302554.9598599377,4123896.395278779,207.16
302554.7600267141,4123896.019174764,206.62
302554.5577929912,4123895.641646927,206.71
302554.1567957617,4123894.88947022,206.22
302553.9567232602,4123894.509486085,206.23
302553.7602732122,4123894.132562361,206.32
302553.5628838691,4123893.759731533,206.59
302553.3710129361,4123893.382515066,205.94
302553.1815163672,4123893.005612822,205.33
302552.98777544,4123892.624369552,205.41
302552.8008010214,4123892.241486825,205.04
302552.6152703847,4123891.863381084,204.71
302552.4252301341,4123891.482235807,204.83
302552.2376034491,4123891.109360394,205.29
302551.8671117383,4123890.352210353,204.63
302551.68702996,4123889.979342505,204.4
302551.5065740465,4123889.590570341,204.08
302551.3310626367,4123889.210748645,203.74
302551.1532551912,4123888.84023278,203.84
302550.9726514296,4123888.457755335,204.11
302550.7979966014,4123888.070327013,203.38
302550.6148793305,4123887.694199934,204.47
302550.4400375178,4123887.311401923,203.2
302550.2703924181,4123886.935698085,202.56
302550.1067963123,4123886.55929685,202.48
302549.7653359694,4123885.797393169,202.52
302549.596221333,4123885.419086357,202.89
302549.4252976739,4123885.045633045,203.02
302549.2561003544,4123884.663812492,202.69
302549.0914908741,4123884.282069058,201.92
302548.9273684535,4123883.902164532,202.05
302548.7634547737,4123883.524845604,201.97
302548.5999890012,4123883.147701181,202.18
302548.4348185005,4123882.767266206,202
302548.2705177147,4123882.386070632,202.13
302548.1079868273,4123882.004648389,201.82
302547.7800287589,4123881.238171316,202.21
302547.6175195803,4123880.857673752,201.95
302547.4560366769,4123880.476781975,201.44
302547.2918531608,4123880.087997168,201.54
302547.1328837642,4123879.707046268,201.54
302546.9686219668,4123879.32122389,201.43
302546.8096916449,4123878.93564617,201.46
302546.6438121715,4123878.556523156,202.04
302546.4795590361,4123878.171070651,201.69
302546.3133012242,4123877.794732088,202.27
302546.1503004521,4123877.405919475,201.49
302545.8107397512,4123876.636754819,202.26
302545.6447644877,4123876.253563276,201.78
302545.4699918535,4123875.873724298,203.46
302545.2983676139,4123875.489370392,202.94
302545.1266042059,4123875.105389833,202.56
302544.9585197067,4123874.714291356,202.33
302544.7793418089,4123874.335851273,203.17
302544.6042341862,4123873.948063629,203.67
302544.4272827365,4123873.563650018,203.02
302544.2544451148,4123873.178029416,202.98
302544.0741886123,4123872.791473121,203.73
302543.7165501305,4123872.027359699,204.04
302543.5320753859,4123871.643863225,204.17
302543.3468656482,4123871.254277845,204.39
302543.1649740762,4123870.879972426,203.97
302542.9796904069,4123870.493534409,204.28
302542.7912365011,4123870.104395429,205.02
302542.6008692804,4123869.728254,205.05
302542.4123109962,4123869.340967845,204.7
302542.2183821626,4123868.964355098,205.67
302542.0280930831,4123868.578960028,205.13
302541.8323072984,4123868.198875282,205.64
302541.4419837202,4123867.435160756,205.93
302541.2422101413,4123867.055354868,205.98
302541.0440673043,4123866.675695658,206.29
302540.8461114016,4123866.291406147,206.22
302540.6428587902,4123865.908351459,206.53
302540.4417805476,4123865.529686496,206.57
302540.242011237,4123865.150065561,206.37
302540.0376149449,4123864.77499435,206.85
302539.8371324241,4123864.396500422,206.8
302539.6349539333,4123864.021377045,206.81
302539.4348498062,4123863.652681144,207.19
302539.0336326845,4123862.922714543,207.33
302538.8362029627,4123862.554510848,207.02
302538.6370685636,4123862.18930784,207.15
302538.4423959166,4123861.825110094,206.8
302538.2428179205,4123861.459917529,207.66
302538.04067422,4123861.098856125,207.76
302537.8410179445,4123860.73662599,207.67
302537.6434533799,4123860.375271835,206.99
302537.4477022229,4123860.015540349,207.33
302537.2509682046,4123859.651761191,207.05
302537.0533862525,4123859.295958545,207.69
302536.6524863305,4123858.579492219,208.12
302536.4547825187,4123858.218511434,207.42
302536.2560088947,4123857.856075532,207.44
302536.061401376,4123857.500943075,207.51
302535.8622885701,4123857.14295603,207.48
302535.6605490913,4123856.780219835,207.68
302535.463088767,4123856.42330414,207.89
302535.2641759091,4123856.061241602,207.66
302535.0636236368,4123855.704953761,207.73
302534.8647455513,4123855.344370705,207.65
302534.6658457015,4123854.982862982,207.42
302534.2663630408,4123854.263772902,207.73
302534.0633840274,4123853.898660428,207.48
302533.8634187331,4123853.542173763,208.14
302533.6667801404,4123853.182463227,207.38
302533.4653144409,4123852.818795454,207.5
302533.2635834666,4123852.456429179,208.06
302533.0657750297,4123852.097301283,207.43
302532.8643006454,4123851.739554888,207.97
302532.6627913748,4123851.374037792,207.54
302532.4619474689,4123851.011650664,207.92
302532.2614731519,4123850.646109229,207.43
302531.8616856957,4123849.92665634,207.44
302531.6606460128,4123849.562238434,207.67
302531.459345472,4123849.205598193,208.05
302531.2581666049,4123848.841553642,207.76
302531.0584880931,4123848.484690215,207.66
302530.8575266545,4123848.123601138,207.76
302530.6573174658,4123847.756758243,207.54
302530.4642923498,4123847.393447068,206.89
302530.2726109696,4123847.030659395,205.94
302530.0947496296,4123846.657924715,204.54
302529.914931414,4123846.290047019,205.24
302529.5946157924,4123845.546705289,202.07
302529.4456600944,4123845.16385375,200.72
302529.3045061358,4123844.798212084,199.04
302529.174571595,4123844.412692632,196.62
302529.057752832,4123844.03759673,197.05
302528.9534234893,4123843.658876354,193.16
302528.8589786575,4123843.272707027,192.68
302528.7740662597,4123842.895565259,191.32
302528.6888319759,4123842.511029612,191.58
302528.6267937123,4123842.131499356,187.94
302528.5670515913,4123841.755245734,187.55
302528.4864968517,4123840.997381784,183.71
302528.468745769,4123840.6201403,181.59
302528.4588050136,4123840.247896091,180.28
302528.4650674853,4123839.872680184,178
302528.4798709279,4123839.508365523,175.95
302528.5091380722,4123839.136309145,174.68
302528.5560479934,4123838.772164343,171.41
302528.6147690504,4123838.413292769,169.41
302528.6831790586,4123838.057523912,167.93
302528.762239113,4123837.707980777,166.2
302528.8524536252,4123837.360950774,164.03
302529.0746564806,4123836.681821148,159.58
302529.2036572498,4123836.348496555,157.51
302529.3401508921,4123836.019251525,156.12
302529.4862161589,4123835.700698465,154.31
302529.6467539098,4123835.38106479,151.92
302529.8152542749,4123835.072901085,150.42
302529.9920693865,4123834.766022066,148.79
302530.1742334964,4123834.466418666,147.6
302530.3681783006,4123834.170793962,145.55
302530.5685767041,4123833.885379474,143.58
302530.7757679237,4123833.612017584,142.02
302531.2039967846,4123833.075330115,139.42
302531.4288656284,4123832.811359297,138.18
302531.6556566841,4123832.553634502,137.33
302531.8885490609,4123832.303722738,135.85
302532.1299170991,4123832.055646993,134.5
302532.3771690667,4123831.818720047,132.76
302532.6226511261,4123831.582019785,132.27
302532.8729385492,4123831.348352101,132.01
302533.1279009463,4123831.124751443,129.86
302533.3887037001,4123830.904159016,129.41
302533.6470103821,4123830.690656698,128.46
302534.1823407756,4123830.279494966,125.12
302534.4498321525,4123830.085390454,125.39
302534.7200413825,4123829.881045018,125.22
302534.9892504432,4123829.67820341,125.17
302535.2622126567,4123829.496552694,123.51
302535.539492975,4123829.297221958,123.59
302535.8154036907,4123829.121423059,121.74
302536.093962714,4123828.938715528,121.83
302536.3733088259,4123828.751733656,122.31
302536.6533334989,4123828.581019026,120.52
302536.9287179764,4123828.395425624,121.6
302537.4880975967,4123828.044390278,120.26
302537.7672395916,4123827.880172723,119.81
302538.0501996292,4123827.702172673,120.18
302538.3302722881,4123827.539783606,119.28
302538.6114624319,4123827.362010251,120.14
302538.8915568057,4123827.194254641,119.61
302539.1689028308,4123827.029154202,119.72
302539.4506975993,4123826.864504229,118.17
302539.7312225233,4123826.696183411,119.9
302540.0132435297,4123826.541150023,117.47
302540.2969387097,4123826.375530194,118.9
302540.8605457994,4123826.053261305,118.85
302541.1435626894,4123825.896539204,117.67
302541.4305803484,4123825.733801837,118
302541.7122274007,4123825.575446655,119.37
302541.9924611037,4123825.413609039,118.32
302542.2777871815,4123825.254427187,117.57
302542.5627219587,4123825.103766218,117.24
302542.8468739574,4123824.95127331,117.47
302543.130899811,4123824.793417329,117.1
302543.4110291555,4123824.627141349,117.62
302543.6945071106,4123824.471148639,117.8
302544.2632459646,4123824.153200148,117.65
302544.5490939955,4123823.997336753,117.56
302544.8338809452,4123823.84038811,116.7
302545.1193202296,4123823.686014642,116.78
302545.402606883,4123823.52817613,117.81
302545.6834799963,4123823.368359006,118.19
302545.9710806573,4123823.217820486,116.38
302546.2584377599,4123823.06321691,116.82
302546.5390673981,4123822.905625978,117.57
302546.8239457723,4123822.752561019,116.71
302547.1104766727,4123822.600567418,116.39
302547.6766457718,4123822.292856617,117.62
302547.9643508018,4123822.13417412,116.7
302548.2451545073,4123821.983980606,117.42
302548.5259408214,4123821.833047366,116.65
302548.7939159143,4123821.690927164,116.65
302549.0651568539,4123821.542994021,116.63
302549.3375110453,4123821.392074123,118.19
302549.6152359209,4123821.243063299,116.36
302549.8899123775,4123821.096529663,117.13
302550.1661587127,4123820.947553639,117.06
302550.4398784965,4123820.804373179,115.75
302550.9966677875,4123820.512981413,116.34
302551.2814289114,4123820.36121463,115.92
302551.5630328667,4123820.207301684,117.54
302551.8470503793,4123820.055367376,117.54
302552.1333640487,4123819.906709719,115.71
302552.4089364287,4123819.760525169,116.38
302552.6833172651,4123819.613998586,116.59
302552.9572849988,4123819.468776982,116.64
302553.2352535075,4123819.317540121,117.22
302553.5080253547,4123819.171791558,116.75
302553.7854285602,4123819.021678229,117.22
302554.3300328761,4123818.715400348,117.74
302554.6035048463,4123818.561678797,117.44
302554.8882791025,4123818.404175709,117.32
302555.1755408228,4123818.245503906,117.52
302555.455801113,4123818.084776365,118.68
302555.7382053492,4123817.927144021,118.1
302556.0164739738,4123817.769794004,118.09
302556.291176616,4123817.605496495,119.13
302556.5685059191,4123817.445948154,118.07
302556.8461048082,4123817.278992034,119.24
302557.1205683136,4123817.117105653,120.08
302557.6668251236,4123816.774151956,120.76
302557.9348525053,4123816.602795108,121.54
302558.2022536241,4123816.423681478,121.72
302558.4683979605,4123816.241451802,122.89
302558.7326027744,4123816.058527612,122.82
302558.9886493664,4123815.868393875,125.1
302559.240521152,4123815.670586824,125.94
302559.4888270446,4123815.478414746,127.08
302559.7346236985,4123815.2801955,127.22
302559.9745713212,4123815.078598152,128.45
302560.2136882831,4123814.866843357,130.34
302560.6661604167,4123814.436168223,132.47
302560.8800764778,4123814.203356973,135.69
302561.0860996633,4123813.974617142,136.6
302561.2797202119,4123813.728035493,139.86
302561.4725406308,4123813.485173394,140.65
302561.6544413691,4123813.230910864,142.27
302561.8289058015,4123812.974972888,144.57
302561.992554948,4123812.712072894,145.86
302562.1421316994,4123812.454684918,148.56
302562.2886381567,4123812.179975759,150.3
302562.4208764727,4123811.902456591,153.06
302562.6494632015,4123811.349927765,157.75
302562.7563702634,4123811.07096903,156.87
302562.8582022939,4123810.777511804,160.14
302562.9442007752,4123810.502745593,160.28
302563.0211364095,4123810.207468493,164.82
302563.0869349396,4123809.904126721,165.72
302563.140274469,4123809.61199514,169.22
302563.1858124198,4123809.321527352,168.16
302563.2301761063,4123809.012583561,170.89
302563.2601543057,4123808.714710236,172.85
302563.2838616092,4123808.408102668,173.92
302563.3169863892,4123807.803735319,177.7
302563.3226770477,4123807.511059172,177.2
302563.327989272,4123807.202293776,177.7
302563.3240083289,4123806.900963376,180.38
302563.3079423171,4123806.601582558,181.34
302563.2874579689,4123806.296754578,182.64
302563.2601287719,4123805.996528467,183.84
302563.2257024612,4123805.696469289,184.91
302563.1853575428,4123805.396364288,185.83
302563.1403507766,4123805.093038286,187.21
302563.0851071577,4123804.794764007,189.29
302562.9645961197,4123804.19974648,189.52
302562.8966194742,4123803.907322787,191.7
302562.824855069,4123803.611102425,192.36
302562.7465067198,4123803.317997506,193.23
302562.6561602403,4123803.024249619,196.2
302562.5680881108,4123802.726562474,195.03
302562.4753281482,4123802.44341842,196.24
302562.3771757874,4123802.163731855,197.41
302562.2817325675,4123801.867143272,197.32
302562.1763830385,4123801.583370162,197.67
302562.0810790072,4123801.292699466,198.41
302561.8706277392,4123800.716820791,198.69
302561.7581854623,4123800.439690785,200.07
302561.6424380957,4123800.154126851,200.75
302561.5273125998,4123799.869843546,200.69
302561.4129785782,4123799.587762061,201.2
302561.2925867784,4123799.306008101,201.01
302561.1739779551,4123799.024582275,201.49
302561.0518423103,4123798.744164587,202.37
302560.9258971903,4123798.465316795,202.75
302560.8005739385,4123798.187749633,202.83
302560.6742156458,4123797.903915583,203.4
302560.4140976277,4123797.354925207,204.11
302560.2834993179,4123797.073226294,204.08
302560.1522182659,4123796.793948911,203.98
302560.0157491788,4123796.514238452,204.78
302559.8833548559,4123796.237947837,204.31
302559.7450854114,4123795.963460743,205.01
302559.6072507879,4123795.68230212,205.12
302559.4667678322,4123795.408052131,205.23
302559.327815587,4123795.129695343,205.39
302559.1863889215,4123794.853062083,205.4
302559.045214423,4123794.568281301,205.77
302558.7546985215,4123794.003722783,205.55
302558.6069704529,4123793.717060757,206.45
302558.4575898951,4123793.435618618,206.56
302558.3033692103,4123793.155955656,206.76
302558.1562542033,4123792.857621934,206.09
302558.0003635325,4123792.569856662,207.16
302557.8460166674,4123792.284830623,206.59
302557.6889517822,4123791.991171816,207.21
302557.5311389438,4123791.703451763,206.98
302557.374491507,4123791.408672923,207.06
302557.2224277016,4123791.126368736,206.8
302556.9087850802,4123790.566054975,207.99
302556.7500980568,4123790.272619373,207.54
302556.5871057857,4123789.978544896,207.76
302556.4256660136,4123789.687579521,206.93
302556.2662700451,4123789.382873392,207.74
302556.0996726262,4123789.086478251,207.16
302555.9269826196,4123788.78893117,208.92
302555.7554797668,4123788.48524997,208.21
302555.5826678975,4123788.176233514,207.67
302555.4067031756,4123787.865255822,207.88
302555.2328085198,4123787.566811906,208.65
302554.9008094418,4123786.974548643,208.13
302554.7293153061,4123786.683819792,208.67
302554.5585952007,4123786.388261796,209.14
302554.3853267155,4123786.091283456,208.61
302554.2123322281,4123785.799664724,209.26
302554.0443083542,4123785.511814838,208.49
302553.8731838257,4123785.224222924,209.76
302553.6991020176,4123784.917826878,209.56
302553.5189537628,4123784.617679727,209.01
302553.3433934513,4123784.323900929,209.15
302553.1668372818,4123784.031810885,209.83
302552.8123507874,4123783.458395232,210.75
302552.6349987921,4123783.170209678,210.62
302552.4547027473,4123782.88893972,211.01
302552.2743848947,4123782.600453864,210.98
302552.0874788146,4123782.32748099,211.85
302551.8975416374,4123782.051433802,213.49
302551.7089264554,4123781.774985447,212.67
302551.5178890501,4123781.502479835,213.88
302551.321546232,4123781.237130399,214.91
302551.1249902942,4123780.969010438,215.23
302550.9243509498,4123780.709683235,215.74
302550.5124961809,4123780.20052943,218.14
302550.3025462596,4123779.954188749,218.8
302550.0870821717,4123779.71241865,220.28
302549.865860401,4123779.477445296,221.96
302549.6405943251,4123779.246637878,222.62
302549.408165952,4123779.025805862,224.33
302549.1742459477,4123778.80445383,225.71
302548.9362860387,4123778.5937439,226.32
302548.6932598294,4123778.38148782,228.4
302548.4485942292,4123778.181297668,228.29
302548.2012628444,4123777.980985192,229.66
302547.6949716902,4123777.601727927,232.5
302547.4402301225,4123777.413432099,232.46
302547.1833925418,4123777.236657831,233.83
302546.9171965587,4123777.070835811,235.96
302546.6464953062,4123776.908450427,237.76
302546.3766334299,4123776.756592373,239.33
302546.1009616735,4123776.609311863,240
302545.8264988647,4123776.463113141,240.66
302545.5491181031,4123776.324939625,241.62
302545.2703110712,4123776.201602568,243.97
302544.9866377997,4123776.0789351,245.83
302544.4206613031,4123775.860398216,247.97
302544.1359401127,4123775.756074015,248.24
302543.84577871,4123775.65946428,249.62
302543.5564174883,4123775.565426236,251.26
302543.2633816417,4123775.478691059,251.87
302542.9653362059,4123775.411687577,254.75
302542.6689345391,4123775.33909435,255.52
302542.3688409518,4123775.285646714,256.9
302542.0729308053,4123775.22765981,258.72
302541.774824658,4123775.183232221,259.22
302541.478301535,4123775.149499506,261.55
302540.8795369815,4123775.115660187,266.26
302540.5830532747,4123775.115048068,268.2
302540.2867000746,4123775.119983976,269.99
302539.9910254185,4123775.141187125,271.91
302539.6966293249,4123775.166431005,273.34
302539.4017201653,4123775.201308851,274.97
302539.1050759359,4123775.244184081,276.88
302538.8134980477,4123775.294896702,278.35
302538.522302943,4123775.355592289,280.08
302538.2302425087,4123775.423524654,281.61
302537.9432310188,4123775.498554674,283.14
302537.3696995943,4123775.663221044,284.55
302537.0827839434,4123775.754902104,286.05
302536.7983123138,4123775.849856333,287.23
302536.5178589888,4123775.952117497,288.66
302536.2341267734,4123776.059636818,289.35
302535.9538692302,4123776.170220027,290.01
302535.6784692774,4123776.286055027,291.45
302535.4017908822,4123776.410431778,292.23
302535.1272042445,4123776.535684514,292.97
302534.8573359843,4123776.660271154,294.1
302534.5808794877,4123776.794079565,293.77
302534.0355854692,4123777.058556603,295.04
302533.7615121097,4123777.193049125,294.53
302533.4903480419,4123777.325437819,295.18
302533.215526709,4123777.459577884,295.24
302532.9432972668,4123777.596987637,294.88
302532.6692456911,4123777.732404865,295.17
302532.3979642556,4123777.866091611,294.93
302532.123656136,4123778.003180221,294.74
302531.8469518637,4123778.139029955,295.17
302531.5752138278,4123778.272172362,294.5
302531.2988835354,4123778.405052737,294.4
302530.7479277065,4123778.674104066,294.72
302530.4708972499,4123778.802375034,294.32
302530.197015299,4123778.932422306,293.88
302529.9208720597,4123779.066963656,294.72
302529.6412367552,4123779.197701404,293.08
302529.3663285304,4123779.328142921,294.39
302529.0903288241,4123779.462495887,294.54
302528.8125721815,4123779.591339105,293.37
302528.5358245019,4123779.725339615,294.69
302528.2588984609,4123779.851757842,293.68
302527.9824073576,4123779.984087007,293.85
302527.4241283681,4123780.243688959,293.53
302527.1467327487,4123780.375299288,294.25
302526.8715723907,4123780.507597186,294.53
302526.5950900301,4123780.640296266,294.03
302526.3179423566,4123780.776156626,294.58
302526.0427602704,4123780.907529881,294.84
302525.7654907911,4123781.03821211,293.81
302525.4880561291,4123781.174449323,294.48
302525.2133132909,4123781.305627238,295.04
302524.9353133197,4123781.442987987,294.58
302524.6598921233,4123781.576772389,294.41
302524.111132864,4123781.851138558,295.05
302523.8331764344,4123781.990348683,294.73
302523.5625866908,4123782.121984061,295.47
302523.2867176798,4123782.261885243,295.39
302523.0105094531,4123782.399944054,294.71
302522.7360885729,4123782.538515931,295.98
302522.4605370545,4123782.679334855,295.69
302522.185355227,4123782.823290708,296
302521.9127825458,4123782.95867352,295.45
302521.6369614455,4123783.100609031,296.18
302521.3612447031,4123783.240691736,295.38
302520.8133120224,4123783.525030646,295.87
302520.5404393903,4123783.66652676,296.5
302520.2687322219,4123783.807255317,296.29
302519.9955725985,4123783.949128273,295.77
302519.7201038336,4123784.093461036,296.28
302519.4451352094,4123784.240187514,296.91
302519.1709101584,4123784.380790309,295.53
302518.8961154425,4123784.522331698,296.51
302518.6215382072,4123784.666828562,296.57
302518.3461521531,4123784.814675115,296.39
302518.0673696802,4123784.956495387,295.83
302517.5090308918,4123785.257547578,297.04
302517.2284133989,4123785.40940301,296.67
302516.9460737728,4123785.557228171,296.77
302516.6623339038,4123785.708416937,297.04
302516.3814772156,4123785.856392266,296.71
302516.0924884874,4123786.010850158,296.33
302515.8050565771,4123786.162310853,296.83
302515.5189771427,4123786.314664922,297.01
302515.2291709211,4123786.472102658,296.45
302514.9386689283,4123786.631407139,297.65
302514.6524721289,4123786.785059256,297.27
302514.0643492455,4123787.09661934,296.66
302513.7750388563,4123787.256265901,297.53
302513.4788922552,4123787.414593019,296.42
302513.1863420901,4123787.574870933,297.79
302512.8882907779,4123787.733983029,296.36
302512.5995197211,4123787.897687745,298.72
302512.3049561559,4123788.060418534,297.68
302512.0079529998,4123788.226352347,297.76
302511.7152333547,4123788.392000357,298.3
302511.4219178629,4123788.551186125,297.13
302511.1158388444,4123788.708636797,296.5
302510.5236720295,4123789.030654322,298.32
302510.2321788778,4123789.204415129,299.18
302509.9323707993,4123789.364308815,297.48
302509.6361027486,4123789.536331623,298.23
302509.3387603946,4123789.694131921,297.38
302509.0353604329,4123789.864842255,297.08
302508.7452717826,4123790.022841987,298.34
302508.4386625077,4123790.195478215,297.03
302508.1414767585,4123790.353644946,298.07
302507.8450348119,4123790.524561694,298.4
302507.5411131006,4123790.698244945,297.4
302506.9448850428,4123791.036271416,297.57
302506.6460426278,4123791.205764396,298.32
302506.3468784864,4123791.380445975,298.34
302506.0436526074,4123791.552262549,298.99
302505.7419662205,4123791.726633422,297.97
302505.4369704351,4123791.898676696,297.99
302505.1305177709,4123792.065388209,298.48
302504.8224604466,4123792.233062667,297.02
302504.5127029111,4123792.410213993,298.44
302504.2055937514,4123792.586747912,298.87
302503.896719025,4123792.763693457,298.12
302503.2809917456,4123793.115501603,298.07
302502.9663375953,4123793.292028054,298.03
302502.6515095785,4123793.473739625,298.26
302502.3380470083,4123793.650608138,298.14
302502.0174830637,4123793.833749947,297.95
302501.703381316,4123794.01488936,299.02
302501.3844872505,4123794.193551033,298.03
302501.0628753841,4123794.382453661,298.72
302500.7430420744,4123794.565208259,298.59
302500.4194036692,4123794.749717725,298.25
302500.0961653338,4123794.932367428,298.31
302499.4422264231,4123795.307464339,298.24
302499.1142481022,4123795.49614677,298.69
302498.782321091,4123795.680481252,298.06
302498.4501331918,4123795.866302175,297.8
302498.1213590615,4123796.0525979,298.41
302497.7866446606,4123796.244214424,298.18
302497.4549091656,4123796.436686054,298.67
302497.1210384204,4123796.626432394,298.57
302496.7850368693,4123796.81992961,298.36
302496.4475393596,4123797.012721893,298.59
302496.1054321139,4123797.198221201,297.35
302495.4177345589,4123797.584659832,297.93
302495.0741097193,4123797.7748208,298
302494.7297805104,4123797.972769883,297.93
302494.3851772738,4123798.165359376,298.18
302494.0375169298,4123798.360056215,298.03
302493.6891477783,4123798.556065002,297.91
302493.3388129898,4123798.75026969,297.75
302492.9864256326,4123798.945262837,297.5
302492.6327206357,4123799.140842111,297.64
302492.2787634566,4123799.338277699,297.96
302491.9200009105,4123799.532680753,297.13
302491.2019889622,4123799.932230475,297.54
302490.8429090838,4123800.1320071,297.76
302490.481767937,4123800.332202313,297.66
302490.1162780416,4123800.529909362,297.13
302489.7530538794,4123800.729598513,297.87
302489.3837285472,4123800.934057151,297.17
302489.0121331665,4123801.136348784,297.41
302488.6416771389,4123801.336763264,297.22
302488.2681815071,4123801.546316061,297.3
302487.8956250662,4123801.745484745,297.9
302487.5182677926,4123801.954388298,297.2
302486.761678946,4123802.367983728,297.2
302486.3797555836,4123802.577734922,297.42
302485.9975756917,4123802.789157501,297.29
302485.6145957109,4123803.00429965,298.07
302485.2299805274,4123803.212818987,297.51
302484.8442216737,4123803.42303058,297.19
302484.4588368771,4123803.636564047,297.81
302484.0726257918,4123803.846416248,297.19
302483.6899589227,4123804.056000033,297.28
302483.3046959334,4123804.268420471,297.34
302482.9240120644,4123804.474256905,297.46
302482.1618878846,4123804.897789957,297.52
302481.782334801,4123805.107670638,297.45
302481.4063302914,4123805.317467838,297.88
302481.0300952598,4123805.523754788,297.6
302480.6556126653,4123805.722784102,297.24
302480.2821825881,4123805.92882005,297.59
302479.9097570656,4123806.133537122,297.27
302479.5376143173,4123806.343983684,298.21
302479.1676327611,4123806.5456827,297.68
302478.7949116795,4123806.756698016,297.96
302478.4232081004,4123806.960658025,297.54
302477.681818973,4123807.378892644,298.24
302477.3091675913,4123807.592866973,298.32
302476.9378338787,4123807.806255206,298.56
302476.5677657204,4123808.023129364,298.73
302476.1996153632,4123808.239773375,299.25
302475.8336611117,4123808.455440543,299.57
302475.4665067241,4123808.676687061,299.39
302475.1032314383,4123808.899322606,300.11
302474.740125784,4123809.122879358,300.28
302474.3816733256,4123809.349287211,300.88
302474.0261519052,4123809.57451589,301.16
302473.3226238963,4123810.036268712,302.49
302472.9761306893,4123810.274237534,302.72
302472.635164761,4123810.514481775,303.75
302472.2990042391,4123810.75775857,304.71
302471.9670751029,4123811.00482157,305.25
302471.6413081923,4123811.255995411,306.01
302471.3217947842,4123811.50887247,307.09
302471.0075913877,4123811.773651952,308.29
302470.7035161175,4123812.035047491,309.46
302470.408268835,4123812.300676174,310.69
302470.118892525,4123812.576898818,312.15
302469.5680069131,4123813.150522657,315.47
302469.3074194583,4123813.443091211,316.89
302469.0531552457,4123813.746613157,318.57
302468.8048531784,4123814.052030206,319.26
302468.5649224696,4123814.361136029,320.72
302468.3318932708,4123814.674335286,321.81
302468.1081095133,4123814.990647636,323.16
302467.8981982652,4123815.311814557,325.59
302467.6943970133,4123815.634873101,326.52
302467.5008544382,4123815.960095711,327.76
302467.3145048345,4123816.29551109,329.42
302466.9701158585,4123816.968636235,332.37
302466.8077713538,4123817.3119984,333.19
302466.6578816057,4123817.656547765,334.98
302466.522873353,4123818.011108967,337.42
302466.39590146,4123818.361410256,338.7
302466.2755353522,4123818.715811929,339.69
302466.1691113755,4123819.078027109,342.13
302466.0731155687,4123819.437036306,343.67
302465.9912270385,4123819.798304028,345.82
302465.9144787855,4123820.164261733,346.66
302465.8490067782,4123820.531619404,348.32
302465.7515043991,4123821.266657988,352.03
302465.7159559352,4123821.635716948,353.09
302465.6969325602,4123822.002906733,355.5
302465.6881069084,4123822.3696715,356.9
302465.6906314825,4123822.740980109,359.22
302465.7109552582,4123823.107984087,1.8
302465.741072358,4123823.476237891,3.04
302465.7837441734,4123823.843641137,5.27
302465.8344349237,4123824.206044731,6.26
302465.893944926,4123824.57231158,8.119999999999999
302465.9690145234,4123824.933401322,9.960000000000001
302466.0524771001,4123825.292813262,11.53
302466.1422932394,4123825.658181886,12.57
302466.2420156222,4123826.017026152,13.74
302466.3439819536,4123826.376927831,14.94
302466.4556893716,4123826.735860129,15.84
302466.5796774267,4123827.088582265,17.58
302466.7126456405,4123827.445718984,19.16
302466.8542806621,4123827.79395504,20.45
302467.0025910692,4123828.149250426,21.36
302467.1569852175,4123828.499036593,22.27
302467.3161194464,4123828.849081285,22.98
302467.4800502261,4123829.195497415,23.69
428656.1079039927,68771273666454.59,24.64
302467.825576137,4123829.884583334,25.72
302468.005566611,4123830.228216071,26
302468.1870486875,4123830.572368817,26.51
302468.3701310565,4123830.91537369,26.85
302468.5595886268,4123831.258968687,27.21
302468.7509161951,4123831.606590481,27.74
302468.9413303917,4123831.946832317,27.61
302469.1334407348,4123832.29628606,27.49
302469.3265251287,4123832.643126378,28.08
302469.5210315986,4123832.993818997,27.43
302469.7158945806,4123833.340802501,27.96
157331693.3714952,61448778.4492131,28.19
302470.1128699121,4123834.041075203,28.35
302470.3116033277,4123834.395369092,27.88
302470.5117674157,4123834.747593919,28.13
302470.7145059676,4123835.102348678,28.28
302470.9171401652,4123835.45895626,28.46
302471.1218573857,4123835.816069935,28.25
302471.3267790229,4123836.175584277,28.36
302471.533453154,4123836.534132202,28.56
302471.7369701793,4123836.896825224,28.6
302471.9445966934,4123837.25812629,28.22
302472.1541931848,4123837.621416403,28.6
302472.3652682203,4123837.984671726,280619
302472.5733427089,4123838.352438537,28.23
302472.7815911496,4123838.721311477,28.25
302472.9924921668,4123839.08346069,28.57
302473.202488729,4123839.451182283,28.4
302473.4112719696,4123839.817637178,28.45
302473.620037781,4123840.18335234,28.27
302473.8293557261,4123840.541097951,28.59
302474.0389346562,4123840.903648369,28.81
302474.2459435549,4123841.270145034,28.33
302474.4519695611,4123841.632594034,28.11
302474.6617745234,4123841.992178563,28.75
302474.8686136489,4123842.351462818,28.6
302475.0731131762,4123842.711912351,28.51
302475.2765603975,4123843.07793774,27.68
302475.4855302708,4123843.433471139,28.92
302475.6892862229,4123843.800044381,28.01
302475.8938029864,4123844.154942433,28.32
302476.1033904516,4123844.517862766,28.46
302476.307646391,4123844.880538491,28.25
302476.5121154443,4123845.245984751,27.88
302476.7183500499,4123845.611019395,28.03
302476.9234887217,4123845.973489324,28.05
302477.1222737175,4123846.323711332,27.97
302477.3206498403,4123846.66913202,28.39
302477.5227270115,4123847.033524368,28.17
302477.7238343434,4123847.394423849,27.96
302477.922967531,4123847.765731826,27.5
302478.1259318882,4123848.136394544,27.1
302478.3302530455,4123848.508135557,27.43
302478.540231973,4123848.887700002,27.4
302478.7491844896,4123849.261367439,28.05
302478.951940106,4123849.635735813,27.44
302479.1592052534,4123850.006852457,27.64
302479.3614519891,4123850.378457268,27.02
302479.5666167651,4123850.754619326,26.99
302479.7742473045,4123851.134979203,27.24
302479.9797339691,4123851.518535151,27.12
302480.1921612363,4123851.907848943,27.42
302480.4037361611,4123852.298663087,27.12
302480.6158850836,4123852.688723586,27.09
302480.8285950525,4123853.083766866,27.02
302481.0441273128,4123853.479298848,27.1
302481.2598944462,4123853.878526037,27.26
302481.4781446428,4123854.276399544,27.2
302481.6984604471,4123854.674039414,27.59
302481.9158627429,4123855.079889446,26.91
302482.135539423,4123855.488091439,26.8
302482.3577166772,4123855.901970719,27.1
302482.5811072139,4123856.317116712,26.87
302482.8091378263,4123856.734558994,27.35
302483.0386817866,4123857.153445962,27.4
302483.2643250122,4123857.576310487,26.74
302483.4937994051,4123857.998529757,27.08
302483.7234999619,4123858.424074365,27.06
302483.9540006959,4123858.852190658,26.9
302484.1897285755,4123859.282404392,27.32
302484.4207033963,4123859.718096031,27.03
302484.655887679,4123860.150357967,27.05
302484.8922895927,4123860.584071548,27.2
302485.1286437145,4123861.022042095,27.23
302485.3701770051,4123861.453784577,27.55
302485.6056307946,4123861.884929977,27.54
302485.83947991,4123862.31703832,26.97
302486.0752639757,4123862.737073775,27.43
302486.3073779466,4123863.170888287,27.24
302486.5427533143,4123863.598704897,27.26
302486.7768326752,4123864.021741062,27.68
302487.0097031602,4123864.449986698,27.24
302487.2461699231,4123864.873891879,27.55
302487.4767398519,4123865.298675968,27.21
302487.7065356689,4123865.721997986,27.06
302487.9353268413,4123866.140347667,27.14
302488.1635831388,4123866.561115412,27.25
302488.3920916091,4123866.980026866,27.31
302488.6208609595,4123867.397451893,27.48
302488.8493823425,4123867.810626925,27.31
302489.0709371965,4123868.229516977,26.86
302489.296588467,4123868.64646028,26.83
302489.5233009066,4123869.070780074,26.95
302489.7572626887,4123869.501405564,27.46
302489.9896108984,4123869.920041666,27.34
302490.2154619608,4123870.326618251,27.24
302490.4347508922,4123870.737235016,26.86
302490.6555053085,4123871.147262191,27.37
302490.8749202992,4123871.556950817,26.68
302491.0993666038,4123871.960414858,27.52
302491.3275006668,4123872.369713294,27.67
302491.5600444529,4123872.790380229,27.38
302491.7946321746,4123873.216180093,27.79
302492.0238361639,4123873.639516132,27.19
302492.2573626518,4123874.057939523,27.79
302492.4896410991,4123874.479907976,27.58
302492.7206889095,4123874.906161226,27.57
302492.9555721383,4123875.325662927,27.08
302493.196082545,4123875.745402297,28.53
302493.4272173239,4123876.175354246,27.36
302493.6636965265,4123876.599814389,27.62
302493.90141947,4123877.026835784,27.93
302494.1406470492,4123877.454931998,27.76
302494.3799311796,4123877.885432358,27.84
302494.6222332131,4123878.312160988,28.11
302494.8613781433,4123878.743034708,27.88
302495.1039585294,4123879.175307889,27.72
302495.3445602076,4123879.605222161,28.1
302495.5896714914,4123880.038175947,28.11
302495.8343435345,4123880.471325112,27.98
302496.0774891413,4123880.902474798,28.07
302496.3228307919,4123881.332647635,28.43
302496.5711686863,4123881.764415306,28.47
302496.8186889531,4123882.192871567,28.61
302497.0665266625,4123882.622245546,28.74
302497.3179824019,4123883.048203746,29.12
302497.5707688133,4123883.474130641,29.25
302497.824368352,4123883.896892792,29.6
302498.080250877,4123884.316085542,29.79
302498.3371248461,4123884.733404607,30.14
302498.5905155427,4123885.153581182,30.38
302498.8492506605,4123885.568265957,30.39
302499.1029804393,4123885.983993695,30.24
302499.3611762126,4123886.394620375,30.57
302499.8785590698,4123887.20770883,31.16
302500.1374591433,4123887.610547432,31.33
302500.4003947035,4123888.008850215,31.84
302500.6619168665,4123888.40367057,32.08
302500.9224127226,4123888.798885153,32.08
302501.1875745589,4123889.184923175,33.06
302501.4540366009,4123889.569635357,33.53
302501.7221858581,4123889.95060712,33.5
302501.9941487681,4123890.323902668,34.29
302502.2684512255,4123890.696032958,35.17
302502.5445104267,4123891.061090541,35.4
302502.8248225856,4123891.424567772,36.26
302503.1082830071,4123891.777238827,37.14
302503.398196809,4123892.127537613,38.2
302503.6947464742,4123892.464357654,39.66
302503.9904393567,4123892.796201885,40.48
302504.2983431647,4123893.118877067,41.83
302504.6100693354,4123893.434245909,43.36
302504.9268571825,4123893.738393484,44.24
302505.2495721651,4123894.036665484,45.56
302505.5804363764,4123894.322903429,47.65
302505.9197062693,4123894.589144722,49.59
302506.2668383859,4123894.843728786,51.91
721777.7658630834,68771938728905.66,53.27
302506.9749439974,4123895.325000872,55.08
302507.3421881395,4123895.54154939,57.57
302507.7107497336,4123895.744929347,59.38
302508.0911698117,4123895.924160618,62.28
302508.4712201029,4123896.093963752,63.9
302508.8610502136,4123896.239297039,67.31
302509.2546025331,4123896.366779275,70.34
302509.647828504,4123896.480391483,71.48999999999999
302510.0492993497,4123896.57974696,74.95
302510.4480780909,4123896.658996834,76.55
302510.850683475,4123896.724834076,79.09
157329224.5931713,61432005.80948272,82.13
302511.66044216,4123896.798300202,84.11
302512.0623292552,4123896.808458462,85.95999999999999
302512.4667513918,4123896.800608572,89.01000000000001
302512.8678031551,4123896.781550783,91.19
302513.2684024904,4123896.749551114,93.11
302513.6660315129,4123896.704483768,94.68000000000001
302514.062803621,4123896.641858152,96.68000000000001
302514.4549225332,4123896.570090217,98.83
302514.8441798397,4123896.483586718,100.88
302515.2262312603,4123896.386335632,101.76
302515.6044775395,4123896.284548183,104.07
302516.0948889333,4123896.165133845,105.25
302516.3591953943,4123896.043267676,106.32
302516.7305530368,4123895.912776683,108.09
302517.0971226996,4123895.773701646,108.92
302517.4609222059,4123895.630065894,110.16
302517.8235083527,4123895.478872214,111.1
302518.1784886476,4123895.325081951,111.77
302518.5368825916,4123895.165475264,112.16
302518.8892841152,4123895.00897016,112.88
302519.23793699,4123894.844041594,113.76
302519.587529218,4123894.68131138,113.53
302519.9357864159,4123894.518427554,113.59
302520.2462579628,4123894.352917034,114.36
302520.6276824608,4123894.184997076,114.21
302520.9705038731,4123894.023721472,114.37
302521.3129512727,4123893.859124031,113.83
302521.6543201884,4123893.692701613,114.49
302521.993258254,4123893.529852091,114.43
302522.329852331,4123893.361691675,115.11
302522.6671031062,4123893.196291369,114.98
302523.0018924949,4123893.026878187,115.11
302523.3371429407,4123892.864485553,114.7
302523.6685012376,4123892.693857865,115.52
302523.9973938724,4123892.525323601,115.93
302524.439199882,4123892.358388734,115.54
302524.6554966428,4123892.189172825,115.82
302524.9826281099,4123892.021235144,115.77
302525.306902489,4123891.851329295,116.09
302525.6218707907,4123891.688303703,116.54
302525.9409876735,4123891.519259362,116.11
302526.2528292944,4123891.355382174,116.79
302526.5634532804,4123891.190053353,116.2
302526.8646450879,4123891.032532939,116.62
302527.1633320795,4123890.875441535,116.55
302527.4553525558,4123890.717951871,116.46
