302587.0012627969,4123968.288160401,190.89
302586.9077954857,4123967.867920937,191.35
302586.8112101946,4123967.447199699,191.28
302586.7152511068,4123967.027944026,191.63
302586.6158000376,4123966.604884722,191.86
302586.5153183357,4123966.182034692,192.05
302586.4094182372,4123965.761532538,192.54
302586.3020917588,4123965.336993137,192.92
302586.1921647979,4123964.915105406,193.22
302586.0780500858,4123964.491280771,193.59
302585.9672142394,4123964.068489238,193.38
302585.8517297069,4123963.649322729,194.07
302585.614589849,4123962.800217712,194.28
302585.4943261263,4123962.379128214,194.39
302585.3678568936,4123961.958369707,195.28
302585.2430531526,4123961.53294612,195.14
302585.119462676,4123961.108789254,195.03
302584.9931977753,4123960.684140182,195.17
302584.8645324066,4123960.258067279,195.52
302584.7336753189,4123959.833156145,195.82
302584.6018093429,4123959.409378958,195.83
302584.4687605248,4123958.985629594,196.04
302584.3355464456,4123958.561143972,196.23
302584.0664655816,4123957.712605199,196.36
302583.9285723402,4123957.290450071,196.7
302583.7855694236,4123956.864899434,197.15
302583.6440363255,4123956.438944156,197.14
302583.5012290782,4123956.01542432,197.45
302583.3557561003,4123955.591782147,197.47
302583.2142795118,4123955.168231018,197.07
302583.0654624184,4123954.747072974,197.93
302582.9148014731,4123954.322997718,198.43
302582.7655233946,4123953.901110375,198.14
302582.6142492911,4123953.482415596,198.39
302582.3157930702,4123952.636603171,198.1
302582.1610573953,4123952.215399306,198.76
302582.003290721,4123951.797412352,199.29
302581.8437062869,4123951.37761779,199.46
302581.6866092612,4123950.956654509,199.11
302581.5337129853,4123950.531891702,198.51
302581.3784119231,4123950.111811365,198.79
302581.2197841165,4123949.688663659,199.31
302581.0580992137,4123949.267623257,199.52
302580.8978406367,4123948.844328875,199.76
302580.7341466101,4123948.419635009,199.8
302580.4113072185,4123947.574951239,199.81
302580.2469913197,4123947.155267986,199.85
302580.0784180926,4123946.736980122,200.53
302579.9108015278,4123946.315339106,200.37
302579.7427109419,4123945.892413989,200.47
302579.5745377305,4123945.472266361,200.31
302579.4036161426,4123945.048482652,200.76
302579.2264238084,4123944.628547163,201.46
302579.0510317707,4123944.203388317,201.17
302578.8770921951,4123943.783376327,201.12
302578.7009478433,4123943.363971306,201.25
302578.3452627621,4123942.519134959,201.67
302578.1623301262,4123942.100444718,202.3
302577.9820196988,4123941.680027479,201.77
302577.8015222539,4123941.257949315,201.75
302577.6195158042,4123940.834611394,201.91
302577.432895451,4123940.416377974,202.78
302577.245714077,4123939.993161775,202.27
302577.0568367313,4123939.573316122,202.94
302576.8693770124,4123939.150846622,202.59
302576.6812388644,4123938.724692357,202.42
302576.4915265042,4123938.300795556,202.89
302576.1070181817,4123937.457007295,202.8
302575.9130527938,4123937.034690829,203.19
302575.7212138971,4123936.614729821,203.22
302575.5299924573,4123936.189573279,203.03
302575.3365923774,4123935.772424542,203.23
302575.1415006728,4123935.358831285,203.87
302574.9482745078,4123934.942788681,203.78
302574.7555658349,4123934.529879528,203.64
302574.5629919511,4123934.116412097,203.76
302574.3729228675,4123933.702515684,203.41
302574.17997067,4123933.298123936,203.77
302573.7902394151,4123932.490170605,204.76
302573.5998093878,4123932.086089617,203.72
302573.4098881543,4123931.684772207,203.88
302573.2189232216,4123931.28310928,204.26
302573.0259057548,4123930.888526008,204.63
302572.833557945,4123930.490966411,204.6
302572.641323214,4123930.098215099,204.69
302572.4494537712,4123929.70841578,204.64
302572.2621112466,4123929.316104515,204.47
302572.075777624,4123928.92895054,204.01
302571.8875305817,4123928.542211645,204.84
302571.5098362168,4123927.768021951,204.68
302571.3210455574,4123927.383331251,204.78
302571.1310720491,4123926.998668377,204.95
302570.9409984757,4123926.609752025,204.76
302570.7533732036,4123926.224293779,204.7
302570.5639475682,4123925.837767667,204.86
302570.3757134426,4123925.451583604,204.6
302570.1854702455,4123925.068037305,204.83
302569.9954618394,4123924.681894983,204.8
302569.8039835761,4123924.296157309,205.39
302569.610087474,4123923.914547307,205.37
302569.2233344982,4123923.145196672,205.52
302569.029951462,4123922.760243962,205.42
302568.8338505243,4123922.379240942,205.68
302568.6375495174,4123921.996022199,205.78
302568.4395438411,4123921.615804135,206.16
302568.2438037692,4123921.23127695,205.89
302568.046824337,4123920.850664685,205.74
302567.8487098626,4123920.465823283,206.05
302567.6521261142,4123920.083166318,205.97
302567.4558467569,4123919.700872268,205.68
302567.2576235252,4123919.317698765,205.99
302566.8628947629,4123918.555197126,205.93
302566.6674676653,4123918.171402754,205.71
302566.4716709364,4123917.790762698,205.93
302566.2767004199,4123917.407512703,205.69
302566.0771898971,4123917.026219863,206.02
302565.8822932966,4123916.646113753,205.94
302565.6836611689,4123916.264430187,205.91
302565.4884383779,4123915.883036505,205.87
302565.2912021545,4123915.504095656,206.11
302565.0959532305,4123915.121592376,206.06
302564.8985517202,4123914.741915278,205.76
302564.5020570466,4123913.986116571,206.24
302564.3026203252,4123913.607967646,206.34
302564.1057058127,4123913.23012947,206.42
302563.910504637,4123912.849660489,205.9
302563.7102546892,4123912.47467632,206.56
302563.513166173,4123912.09573203,206.23
302563.3155819197,4123911.720870205,206.52
302563.1162408011,4123911.34678985,206.64
302562.9174997777,4123910.973065459,206.65
302562.7192023046,4123910.599330637,206.76
302562.5209657199,4123910.228184894,206.34
302562.1247664483,4123909.484961797,206.76
302561.9275691436,4123909.113976656,206.72
302561.7299195556,4123908.742632085,206.37
302561.5322134503,4123908.375174609,207.05
302561.3347725846,4123908.006415643,206.96
302561.1372143033,4123907.638954699,206.96
302560.9407649338,4123907.27461329,207.17
302560.7435327792,4123906.908439933,206.81
302560.5464919611,4123906.544112444,207.15
302560.348859708,4123906.179798871,207.13
302560.1543584907,4123905.816521869,207
302559.7603289437,4123905.090086126,207.1
302559.5634837532,4123904.727789453,207.24
302559.3660558279,4123904.365876562,207.23
302559.1662752627,4123904.004574126,207.52
302558.9708520667,4123903.646129776,207.32
302558.7715150321,4123903.284816914,207.56
302558.5756047431,4123902.924533666,207.54
302558.3797944371,4123902.562212673,206.82
302558.1836884068,4123902.199898638,207.21
302557.985260189,4123901.839489595,207.4
302557.7861405308,4123901.481132218,208.01
302557.3855876451,4123900.760401098,207.78
302557.1881291438,4123900.403484949,207.45
302556.9920534715,4123900.042465477,207.43
302556.7919683032,4123899.680800178,207.67
302556.5915178559,4123899.322474128,207.62
302556.3930895106,4123898.962065118,207.78
302556.1932217507,4123898.603355298,207.6
302555.9952151833,4123898.242011192,207.5
302555.7934775357,4123897.891857031,208.11
302555.5938706863,4123897.537952028,208.08
302555.3929461781,4123897.184633134,208.16
302554.9930495801,4123896.466662214,207.94
302554.792455487,4123896.108524613,208.1
302554.5929311622,4123895.751842145,207.5
302554.3911498971,4123895.399838675,208.4
302554.1935781056,4123895.044405539,207.94
302553.9990024925,4123894.68427602,207.26
302553.801526374,4123894.332911437,207.38
302553.6043763477,4123893.97654321,207.67
302553.4111183839,4123893.622118832,207.4
302553.2246530277,4123893.2671646,206.43
302553.0421666364,4123892.905270434,205.74
302552.6736540456,4123892.188226683,205.75
302552.5002346131,4123891.828154643,204.95
302552.3178568661,4123891.464592605,204.89
302552.138210153,4123891.110218144,205.66
302551.9647689787,4123890.755512677,204.02
302551.7919104056,4123890.387840965,204.33
302551.6168080497,4123890.037985523,205.31
302551.4558778452,4123889.667997827,202.2
302551.2889726323,4123889.308142642,204.41
302551.1217716972,4123888.948294417,203.21
302550.9546143055,4123888.596586767,203.56
302550.6233129733,4123887.876632359,203.71
302550.4538419583,4123887.51461711,204.24
302550.3007827771,4123887.145924567,201.43
302550.1503720302,4123886.789197086,201.06
302549.9902462933,4123886.428257264,202.96
302549.8413444698,4123886.066498312,201.14
302549.6846889787,4123885.708437444,202.27
302549.523936982,4123885.346032072,202.68
302549.3726737958,4123884.984513711,201.43
302549.2200799571,4123884.629317887,202.1
302549.0693081067,4123884.263532136,200.96
302548.7660684758,4123883.541622424,201.57
302548.6139225063,4123883.186601108,201.37
302548.4597456488,4123882.827001662,202.07
302548.3082866742,4123882.463452521,201.59
302548.1563797666,4123882.099728884,201.19
302548.0028464442,4123881.736043506,201.62
302547.8451818114,4123881.366534156,201.81
302547.6880216342,4123880.999603447,201.82
302547.5350100907,4123880.632945222,201.19
302547.3807026392,4123880.267797775,201.45
302547.2198764477,4123879.895957332,201.92
302546.9052558109,4123879.149335496,201.83
302546.7473083751,4123878.774096686,201.62
302546.5865516786,4123878.398923964,201.89
302546.4238641506,4123878.023426593,201.95
302546.2635422935,4123877.647873574,201.38
302546.1014852586,4123877.267735468,202
302545.9380714684,4123876.892810297,202.09
302545.7768275222,4123876.503216219,201.6
302545.6120873014,4123876.122216058,201.86
302545.4459684611,4123875.732921697,201.85
302545.2753835516,4123875.348728376,202.41
302544.9375665109,4123874.578227477,202.02
302544.7650332847,4123874.186678546,202.46
302544.5875165276,4123873.803388446,203.61
302544.4110390337,4123873.413967704,202.81
302544.2316522768,4123873.026650802,203.55
302544.0531569814,4123872.639497968,203.49
302543.8659991211,4123872.255139424,203.99
302543.6809025135,4123871.87036232,204.35
302543.4932662564,4123871.484534747,204.69
302543.3017117835,4123871.09565373,204.82
302543.1162324696,4123870.71347615,204.71
302542.7296923829,4123869.940790828,205.51
302542.5370073245,4123869.566739326,205.67
302542.3440829774,4123869.182516459,205.47
302542.1481059195,4123868.806877078,206.08
302541.9532768808,4123868.429730406,206.13
302541.7560038955,4123868.055601808,206.26
302541.5607487209,4123867.685496545,206.51
302541.3669807225,4123867.30943514,206.18
302541.1677725788,4123866.941088202,206.65
302540.974043762,4123866.572982443,206.5
302540.7773448357,4123866.210682683,206.88
302540.3976541526,4123865.502784058,206.94
302540.2144406502,4123865.16033603,206.66
302540.0344061123,4123864.82725007,206.91
302539.8562415372,4123864.498190924,206.67
302539.6829258438,4123864.180304925,207.39
302539.5206428586,4123863.872336389,206.47
302539.3604778763,4123863.58522713,207.49
302539.2068577329,4123863.305920471,207.76
302539.0595693829,4123863.037937112,206.81
302538.9203348267,4123862.772724876,206.74
302538.7851664342,4123862.523145068,206.45
302538.5309157273,4123862.053767963,206.78
302538.4074804064,4123861.837588752,207.84
302538.2937557418,4123861.625436939,207.13
302538.1861888575,4123861.417211066,206.01
302538.0777045657,4123861.226585225,207.77
302537.974360534,4123861.046940638,208.05
302537.8805053437,4123860.86818305,206.29
302537.7890159006,4123860.695661044,206.89
302537.6971308065,4123860.531474979,207.65
302537.6098639651,4123860.362369327,206.56
302537.5225450432,4123860.203626934,207.06
302537.3490856798,4123859.885929392,207.07
302537.2675288197,4123859.73315765,206.41
302537.1854196914,4123859.582064225,207.16
302537.1025277801,4123859.429138853,207.53
302537.0216798001,4123859.281346417,207.22
302536.9397663742,4123859.13228379,207.68
302536.8623408162,4123858.985336023,206.28
302536.7865286163,4123858.837795196,206.71
302536.7070722911,4123858.698851765,206.63
302536.6304686629,4123858.555400353,206.63
302536.5533345196,4123858.414551931,207.8
302536.4038802627,4123858.136257531,206.63
302536.330742621,4123858.001791363,207.65
302536.2592009356,4123857.865992399,207.08
302536.189033514,4123857.738302703,206.07
302536.1207621121,4123857.609458185,207.5
302536.0555826826,4123857.486277055,206.64
302535.9943388555,4123857.366889106,206.61
302535.9358347995,4123857.257058588,206.09
302535.8799878528,4123857.153271762,206.67
302535.8300595369,4123857.055821972,206.71
302535.7783657234,4123856.965075021,207.17
302535.6924687321,4123856.803893722,207.4
302535.6527731532,4123856.732663398,207.52
302535.6175262886,4123856.66188353,205.19
302535.5859976299,4123856.598232606,205.59
302535.5525599563,4123856.541472934,208.11
302535.5254931927,4123856.491409732,206.05
302535.5001137443,4123856.443897341,206.44
302535.4769043339,4123856.400589739,208.03
302535.4565259973,4123856.36443195,206.8
302535.437887185,4123856.333044183,205.01
302535.4234492314,4123856.304148099,208.55
302535.3993005468,4123856.26493339,208.58
302535.389894159,4123856.248686444,207.09
302535.3831187859,4123856.237373583,206.98
302535.3782046846,4123856.229717663,0
302535.3764521083,4123856.224392839,0
302535.3759737341,4123856.222923802,0
302535.3769348285,4123856.226046809,0
302535.3769957362,4123856.228635886,0
302535.3766565183,4123856.226793502,0
302535.3768000251,4123856.226605091,0
302535.377574107,4123856.22806717,0
302535.3780002702,4123856.227316999,280619
302535.3763912619,4123856.228094996,0
302535.3756041282,4123856.226078114,0
302535.3762216564,4123856.227173805,0
302535.3765217171,4123856.227351782,0
302535.3758998383,4123856.226071157,0
302535.3765173665,4123856.227166848,0
302535.3766652193,4123856.22716337,0
302535.3769087252,4123856.224937207,0
302535.3766260644,4123856.225498964,0
302535.3769304779,4123856.225861875,0
302535.3747474494,4123856.227393521,0
302535.3766217139,4123856.225314031,0
302535.3756084788,4123856.226263048,0
302535.3760172396,4123856.224773142,0
302535.3765999611,4123856.22438936,0
302535.3775914435,4123856.222515674,0
302535.3783089707,4123856.221573612,0
302535.3761215937,4123856.222920324,0
302535.3771522311,4123856.222711042,0
302535.3782567641,4123856.219354405,0
302535.3766260644,4123856.225498964,0
302535.3759433439,4123856.227920496,0
302535.3755997777,4123856.22589318,0
302535.3767652207,4123856.225125619,0
302535.3805152653,4123856.371956217,0
302535.3760868483,4123856.227732085,0
302535.3775349521,4123856.226402766,0
302535.3765043149,4123856.226612047,0
302535.3772609947,4123856.227334391,0
302535.3779959196,4123856.227132065,0
302535.3770652813,4123856.225303596,0
302535.3760824978,4123856.227547151,0
302535.3762216564,4123856.227173805,0
302535.3771131374,4123856.227337869,0
302535.376513016,4123856.226981915,0
302535.3769478801,4123856.226601613,0
302535.3777045577,4123856.227323956,0
302535.3755215314,4123856.228855602,0
302535.3782959849,4123856.227310043,0
302535.3773219024,4123856.229923466,0
302535.3757041295,4123856.224040363,0
302535.3778089095,4123856.225471138,0
302535.3760476934,4123856.226067679,0
302535.3768695702,4123856.223272801,0
302535.3766217139,4123856.225314031,0
302535.3762173058,4123856.226988871,0
302535.3771131374,4123856.227337869,0
302535.3772131386,4123856.225300118,0
302535.3760911989,4123856.227917018,0
302535.3768304788,4123856.227899627,0
302535.3755649733,4123856.224413709,0
302535.3753736763,4123856.22885908,0
302535.3750344607,4123856.227016698,0
302535.3769261274,4123856.225676942,0
302535.3763347047,4123856.225690855,0
302535.3756476337,4123856.227927453,0
302535.376939179,4123856.226231744,0
302535.377804559,4123856.225286205,0
302535.3767869734,4123856.226050287,0
302535.3760954905,4123856.221810721,0
302535.3710770373,4123856.216007618,0
302535.365593205,4123856.202999047,204.58
302535.3581611486,4123856.18892609,203.62
302535.3490026171,4123856.170637913,209.94
302535.3371695721,4123856.145566313,207.44
302535.3231664842,4123856.116289927,206.03
302535.3043494255,4123856.089902332,209.7
302535.2866455374,4123856.054236737,208.35
302535.267363029,4123856.014352444,206.47
302535.2427055169,4123855.972374161,207
302535.2159214698,4123855.928040432,207.05
302535.1895330701,4123855.875370763,207.3
302535.1593699717,4123855.819459243,207.57
302535.1249363982,4123855.758097091,208.47
302535.087349943,4123855.688482481,207.97
302535.046662806,4123855.612834616,207.03
302535.0007223506,4123855.527688447,207.23
302534.9517594634,4123855.433546603,207.43
302534.8994262869,4123855.334488065,207.15
302534.8442924907,4123855.22957425,206.68
302534.7829705136,4123855.125731192,206.53
302534.7224007391,4123855.009843081,207.65
302534.6595000129,4123854.889198862,207.25
302534.5906111008,4123854.765549898,207.2
302534.5174429527,4123854.629789208,207.8
302534.4395781018,4123854.483036831,207.09
302534.3563947325,4123854.330303373,207.16
302534.2712151535,4123854.161888794,206.79
302534.1745245866,4123853.99467019,207.6
302534.0799299094,4123853.809638799,207.18
302533.9753462402,4123853.621326709,206.56
302533.8679488351,4123853.42031331,207.4
302533.7585074856,4123853.214166979,206.58
302533.6417776363,4123853.000050515,207.88
302533.5221166415,4123852.774530758,206.76
302533.3972849852,4123852.543026444,206.94
302533.2689829684,4123852.302351956,207.16
302533.137497667,4123852.058421705,207.07
302533.0026724567,4123851.804578067,206.66
302532.8650031164,4123851.543029815,206.81
302532.7147572695,4123851.275116122,207.09
302532.5664377622,4123850.994759682,207.04
302532.4126866761,4123850.709905115,207.15
302532.2563219037,4123850.414564969,206.72
302532.0950517171,4123850.111938774,206.83
302531.9281977456,4123849.804632998,207.16
302531.7599868919,4123849.489957694,206.97
302531.5844353192,4123849.165093053,207.13
302531.4053394843,4123848.834205595,207.01
302531.2274481695,4123848.49792375,206.35
302531.0468562164,4123848.153748885,206.91
302530.8628157089,4123847.807619751,206.55
302530.6701516394,4123847.453366857,207.46
302530.4836148288,4123847.095454132,206.43
302530.2882893925,4123846.747555089,206.87
302530.0955381288,4123846.377021064,206.93
302529.9036522992,4123846.011832735,206.29
302529.7091833596,4123845.650035832,206.79
302529.5133574663,4123845.27457817,206.95
302529.3120173911,4123844.897399871,207.04
302529.1059110389,4123844.512562181,205.95
302528.8975477466,4123844.1324035,206.55
302528.6933765391,4123843.748075401,207.72
302528.4896095884,4123843.349490003,205.4
302528.2797849522,4123842.957523387,206.59
302528.0628631514,4123842.55943251,207.8
302527.8533515235,4123842.161907452,206.33
302527.6372602622,4123841.761391571,207.02
302527.4246348579,4123841.357278469,206.6
302527.2110788595,4123840.957628135,206.71
302526.9943873466,4123840.550465081,206.56
302526.7781350297,4123840.143106665,206.67
302526.5598693394,4123839.744492324,207.26
302526.3400424123,4123839.342399028,207.52
302526.121498306,4123838.938240159,206.88
302525.9032281394,4123838.533149667,207
302525.6812441539,4123838.127406407,207.44
302525.4569727659,4123837.725047615,207.71
302525.2352714009,4123837.318742606,207.54
302525.0104954937,4123836.913805188,207.75
302524.7818274575,4123836.506923939,207.54
302524.5570558625,4123836.102171465,207.66
302524.3290096643,4123835.696570853,208.07
302524.0966364646,4123835.289406716,208.14
302523.8684380187,4123834.883624659,208.17
302523.6364648378,4123834.474600757,208.12
302523.4027304178,4123834.066173407,208.63
302523.1714486155,4123833.655097852,207.97
302522.9358528643,4123833.243013575,208.54
302522.7031620746,4123832.834931761,208.28
302522.4694057412,4123832.41928853,207.89
302522.2329532476,4123832.008519678,208.38
302521.997148643,4123831.593849829,208.15
302521.7644141153,4123831.171336231,207.99
302521.5250261184,4123830.755270406,208.28
302521.2871818468,4123830.335652579,208.62
302521.0499420299,4123829.916575644,207.99
302520.811819406,4123829.497704521,208.17
302520.5740663644,4123829.075679091,208.27
302520.3342085067,4123828.652222895,208.08
302520.0924763607,4123828.230846198,208.59
302519.8510919713,4123827.799099294,208.05
302519.6088465943,4123827.374774103,208.07
302519.3704671346,4123826.944991914,207.97
302519.1302481886,4123826.518768696,207.66
302518.8937734094,4123826.088201562,207.86
302518.6510104091,4123825.660742955,208.03
302518.411939437,4123825.233012456,208.08
302518.173181559,4123824.80601474,207.62
302517.9351804169,4123824.386030608,208.12
302517.7004363621,4123823.959863655,207.6
302517.4698888189,4123823.536003448,207.09
302517.2311527529,4123823.122512893,208.36
302516.9944952802,4123822.703052278,208.17
302516.762686653,4123822.288473572,208.04
302516.5316911777,4123821.870730123,207.49
302516.2978864156,4123821.453052772,208.14
302516.0722485236,4123821.036663577,206.96
302515.8393831395,4123820.627475807,208.12
302515.6095966102,4123820.217105388,207.97
302515.3827976356,4123819.807959941,207.78
302515.1554898896,4123819.402342157,207.64
302514.9297085409,4123818.998723867,207.89
302514.7053143641,4123818.591187183,207.69
302514.4812551158,4123818.191599187,207.62
302514.2588265396,4123817.78586663,207.96
302514.0389811931,4123817.389325119,207.38
302513.814534878,4123816.992151715,207.9
302513.5953069439,4123816.59041467,207.59
302513.3752484955,4123816.197393877,207.55
302513.1537549705,4123815.806257215,207.54
302512.9369667242,4123815.413899638,208.12
302512.7187737854,4123815.018429496,207.43
302512.500580903,4123814.629250593,207.99
302512.2846884367,4123814.237242025,208.15
302512.068635123,4123813.850973374,207.44
302511.8566129908,4123813.459983975,206.81
302511.6394638089,4123813.07744184,208.14
302511.4275678145,4123812.691815537,207.59
302511.2155239506,4123812.306192717,207.48
302510.9987313416,4123811.926232715,207.97
302510.7899402795,4123811.540533374,207.46
302510.5790923447,4123811.161728773,207.51
302510.3672529044,4123810.784797866,207.79
302510.1593620589,4123810.405923702,207.6
302509.9511450243,4123810.025761961,207.37
302509.7421496129,4123809.650244445,207.76
302509.5351154748,4123809.276346116,207.29
302509.3274463053,4123808.894321134,207.65
302509.1149457157,4123808.514445229,207.68
302508.9028625741,4123808.133449287,207.47
302508.6924797224,4123807.74926773,207.51
302508.4776263494,4123807.363711067,207.67
302508.2624076288,4123806.975202422,207.86
302508.0476063556,4123806.585573743,207.42
302507.8319353253,4123806.196705678,207.6
302507.6150421877,4123805.799909809,207.66
302507.3956572255,4123805.404097752,207.47
302507.1750458826,4123805.006464189,207.79
302506.9542387975,4123804.606799842,207.67
302506.7276478924,4123804.20653143,207.69
302506.5048620682,4123803.804508175,208
302506.2833547239,4123803.400234406,207.14
302506.0586335937,4123802.991410349,207.74
302505.8328252328,4123802.58039144,207.47
302505.6045077292,4123802.175907843,207.9
302505.3758073813,4123801.761441297,207.78
302505.1444891075,4123801.348886715,207.71
302504.9151581325,4123800.932769689,207.63
302504.6896756763,4123800.510455924,207.07
302504.4516211202,4123800.094544158,207.86
302504.2192240904,4123799.667582145,207.69
302503.9827784261,4123799.244601155,207.7
302503.7473415486,4123798.814194985,207.5
302503.5104434874,4123798.384563342,207.57
302503.2705186509,4123797.952042339,207.6
302503.0330594918,4123797.517427932,207.42
302502.7918516783,4123797.08068129,207.46
302502.5509003951,4123796.642263293,207.74
302502.3097880945,4123796.197002745,207.16
302502.0641748878,4123795.755363792,207.51
302501.8169830131,4123795.309506155,207.68
302501.5689039722,4123794.863669394,207.68
302501.317928608,4123794.414200061,207.87
302501.0646309373,4123793.960344502,208.05
302500.812794405,4123793.505714425,207.62
302500.5572092157,4123793.048952121,207.97
302500.2984103133,4123792.59393076,208.06
302500.0392025397,4123792.134108084,208.16
302499.7788292903,4123791.675052983,208.16
302499.5111632576,4123791.220425312,208.54
302499.2486720121,4123790.753093421,208.23
302498.9843195186,4123790.288395839,208.23
302498.7165532382,4123789.823223477,208.53
302498.4500740439,4123789.34987924,208.36
302498.183233922,4123788.880059192,208.03
302497.9147020815,4123788.407503411,208.37
302497.6463745483,4123787.931057065,207.88
302497.3767336801,4123787.455381774,208.37
302497.1053967387,4123786.976785817,208.18
302496.8316678645,4123786.490844692,208.09
302496.5569823731,4123786.01454797,208.23
302496.2831665014,4123785.531199416,208.23
302496.0088678673,4123785.046196902,208.24
302495.7330297165,4123784.558640108,208.27
302495.4588440707,4123784.072154658,20.01
302495.179105013,4123783.582284193,208.57
302494.9032493689,4123783.093987687,208
302494.624140751,4123782.599476495,208.22
302494.3474326269,4123782.106389118,208.01
302494.0683499661,4123781.606696313,207.91
302493.7877148242,4123781.11018566,208.07
302493.5078058815,4123780.613102821,208.1
302493.2235872125,4123780.108904976,207.95
302492.9439564221,4123779.604784225,207.85
302492.6628818466,4123779.102177745,207.89
302492.3781325732,4123778.600582918,208.03
302492.0944051206,4123778.092117711,280619
302491.8111125003,4123777.583272207,207.91
302491.5272807319,4123777.082951069,207.94
302491.2421093355,4123776.569708917,207.81
302490.9561421401,4123776.060371259,207.94
302490.6715796936,4123775.56043741,207.98
302490.3857124288,4123775.049062017,207.88
302490.1006975514,4123774.542477521,208.4
302489.8131038917,4123774.0394694,208.17
302489.5325506789,4123773.527598922,207.64
302489.2572682498,4123773.025966465,207.45
302488.9792503946,4123772.52125276,207.24
157329926.0819465,61464488.29385684,208.49
302488.4151565129,4123771.521451836,207.85
302488.1375865758,4123771.023203888,207.67
302487.8657047076,4123770.521491453,207.37
302487.5902656293,4123770.025783889,207.62
302487.3147613396,4123769.533593558,207.78
302487.0375175474,4123769.042924454,208.23
302486.7627308216,4123768.556083307,208.09
302486.4889529581,4123768.06810821,207.86
302486.2171972861,4123767.584341375,207.99
302485.9454415893,4123767.100574545,207.88
302485.6660583062,4123766.625868947,208.59
259761.6851124945,68770643512201.46,208.8
302485.1179981917,4123765.67250512,208.39
302484.8460511935,4123765.19947493,208.57
302484.5759263212,4123764.728437272,208.56
302484.3069321511,4123764.261443813,208.34
302484.0376770543,4123763.795936795,208.89
302483.7665520032,4123763.332694217,208.88
302483.4978318008,4123762.871060389,208.88
302483.2296725413,4123762.408118113,208.69
302482.9617307356,4123761.948131309,208.99
302482.6964982009,4123761.490116162,208.58
302482.4317440242,4123761.033570057,208.73
302482.1666376287,4123760.580918008,209.07
302481.9042753181,4123760.131717088,208.97
302481.6420564862,4123759.682327762,209.01
302481.3800551126,4123759.235893907,208.92
302481.1209542853,4123758.786986336,208.82
302480.8614491239,4123758.346044846,208.85
302480.6040660629,4123757.90098263,208.74
302480.3458741575,4123757.459270108,208.93
302480.0933833903,4123757.014647896,208.29
302479.8408100132,4123756.572803178,208.48
302479.5849837486,4123756.131035009,208.47
302479.3280788429,4123755.68115063,208.62
302478.8117550889,4123754.762567336,208.06
302478.5519274752,4123754.295358334,207.74
302478.2877379918,4123753.825106359,207.91
302478.0231396258,4123753.350053066,207.85
302477.7535097235,4123752.874933139,208.06
302477.4860932069,4123752.393284868,207.86
302477.2185679672,4123751.913304484,207.89
302476.9501685094,4123751.427608556,207.58
302476.6802730417,4123750.941207691,207.62
302476.4092816175,4123750.452242112,207.87
302476.138211936,4123749.966238964,207.49
302475.8676205112,4123749.475413625,207.64
302475.5971638587,4123748.984030012,207.52
302475.3255895892,4123748.495448251,207.69
302475.0522279462,4123748.006353445,207.63
302474.781201535,4123747.515908443,207.53
302474.5121015877,4123747.02560315,207.67
302474.2413055554,4123746.532377196,207.41
302473.9730405794,4123746.046123071,207.34
302473.6993874232,4123745.557220198,207.87
302473.4301829204,4123745.062476522,207.39
302473.160521759,4123744.567188492,207.37
302472.8899648178,4123744.077842709,207.36
302472.6173159858,4123743.581329741,207.74
302472.3439365347,4123743.085204046,207.19
302472.0707658377,4123742.591663956,207.82
302471.8006695534,4123742.090465035,206.77
302471.5248852305,4123741.599021862,207.77
302471.2533276131,4123741.092306253,207.35
302470.9779823453,4123740.594376488,207
302470.6991753973,4123740.093937682,208.04
302470.4245779552,4123739.590069173,207.08
302470.1487584563,4123739.084564101,207.19
302469.8702948948,4123738.579861401,207.65
302469.5910180327,4123738.072032229,207.34
302469.311741139,4123737.564203064,207.6
302469.0317814991,4123737.058795447,207.44
302468.751699976,4123736.548209686,207.37
302468.4742493953,4123736.036266771,207.15
302468.1916368211,4123735.525000441,207.46
302467.9108375671,4123735.00906554,207.52
302467.6283553805,4123734.497056012,207.41
302467.3445640923,4123733.979711243,207.47
302467.0627687984,4123733.459173896,207.17
302466.7778945685,4123732.939819227,207.29
302466.4926810766,4123732.418622186,207.43
302466.2067891825,4123731.900031627,207.44
302465.9222887974,4123731.377707602,207.31
302465.6361575943,4123730.855236925,207.35
302465.3474823106,4123730.331530871,207.54
302465.0587721756,4123729.806345355,207.5
302464.773484497,4123729.282004489,207.27
302464.4889143192,4123728.756721564,207.16
302464.2033178013,4123728.231832872,207.15
302463.912115709,4123727.70763121,207.46
302463.6216528742,4123727.18341216,207.84
302463.3334686894,4123726.655438769,207.38
302463.0457193438,4123726.12708508,207.3
302462.7564392689,4123725.602838221,207.57
302462.4692031664,4123725.083724288,207.35
302462.1865375715,4123724.563947698,207.14
302461.9027413035,4123724.046418159,207.61
302461.6169098072,4123723.530416815,207.66
302461.3339920291,4123723.018787783,207.45
302461.0520308852,4123722.503805592,207.2
302460.772705041,4123721.987651174,207.08
302460.4906699592,4123721.475816358,207.41
302460.2091741665,4123720.968039656,207.81
302459.9309399204,4123720.460556281,207.51
302459.6526622317,4123719.95751481,207.46
302459.3742931191,4123719.450589733,207.53
302459.0959674953,4123718.945514005,207.54
302458.8147238528,4123718.442172281,207.78
302458.5374592838,4123717.938181816,207.55
302458.2570287344,4123717.431675354,207.61
302457.9782638766,4123716.933086264,207.66
302457.7018776599,4123716.428705079,207.74
302457.4235127944,4123715.928256228,207.47
302457.1457219156,4123715.427053731,207.73
302456.8696574355,4123714.923775214,207.42
302456.588178751,4123714.42302959,207.89
302456.3118707185,4123713.921977257,207.65
302456.0351016671,4123713.420195635,207.43
302455.7566365169,4123712.915493353,207.53
302455.4799283351,4123712.416300822,207.71
302455.2008326321,4123711.916239301,207.48
302454.9236197693,4123711.408176917,207.81
302454.6456417026,4123710.911604803,207.69
302454.3709728323,4123710.404777817,207.39
302454.0919856934,4123709.903048446,207.92
302453.8137378165,4123709.401301684,207.36
302453.5336460896,4123708.902928977,207.96
302453.2552632316,4123708.395449281,207.9
302452.9759758977,4123707.893541968,207.33
302452.6977714176,4123707.39364458,207.43
302452.4178229556,4123706.888792257,207.48
302452.1380353763,4123706.384491267,208.11
302451.8575737571,4123705.882981692,207.56
302451.5742071698,4123705.383760927,208.17
302451.2924712247,4123704.878395593,208.04
302451.0030120348,4123704.384314206,209.02
302450.7170361287,4123703.887375307,208.22
302450.4286986917,4123703.384385792,208.89
302450.1337512405,4123702.889693443,209.58
302449.8280364475,4123702.408947192,209.67
302449.5208993774,4123701.918057421,210.64
302449.2190461268,4123701.431669221,210.59
302448.913709288,4123700.935556085,210.46
302448.6122297882,4123700.439907287,210.23
302448.2984566048,4123699.962496347,211.63
302447.9831265797,4123699.488082637,212.15
302447.6687574256,4123699.004209468,211.96
302447.3498830877,4123698.530064227,212.43
302447.0202888006,4123698.046734425,213
302446.6934214521,4123697.57869848,213.4
302446.3648318765,4123697.106632272,213.63
302446.0281406391,4123696.642343236,214.26
302445.6909406231,4123696.181581874,214.59
302445.3494439744,4123695.720551572,215.38
302445.0031332452,4123695.262410122,215.61
302444.6502124936,4123694.812565848,215.98
302444.3005879948,4123694.358203138,217.13
302443.9467407276,4123693.900424131,216.37
302443.577808111,4123693.47427131,218.63
302443.2177246006,4123693.015528879,218.32
302442.850166036,4123692.584902875,217.48
302442.4693307644,4123692.162175839,220.78
302442.0908306014,4123691.731807372,219.11
302441.7049551282,4123691.314935114,221.19
302441.3096776055,4123690.900874656,222.3
302432.1749612697,4123690.700271633,223.16
302440.5070941659,4123690.095981387,223.83
302440.0981792182,4123689.705926592,224.55
302439.6857896185,4123689.319099206,225.61
302439.2668596339,4123688.943527952,226.57
302438.8385972374,4123688.573727447,227.41
302438.4123701288,4123688.208690006,228.1
302437.9790676564,4123687.851035522,229.12
302437.5430517157,4123687.503806959,229.77
302437.1018087083,4123687.167063474,231.09
302436.6558037218,4123686.82913683,231.55
302436.2105166091,4123686.509141841,232.56
302435.7636639531,4123686.191774228,233.49
302435.3145195159,4123685.877606193,233.28
302434.8638530632,4123685.567914876,234.42
302434.4035586098,4123685.270292509,235.46
302433.9426424767,4123684.983972018,236.76
302433.4750509083,4123684.696883478,236.87
302433.012073652,4123684.423564092,237.74
302432.5478046782,4123684.14564922,237.93
302432.0816964699,4123683.883875825,238.85
302431.6184016414,4123683.609638801,238.86
302431.1441136538,4123683.364896284,240.9
302430.6686601801,4123683.120921369,241.13
302429.7238454309,4123682.615249772,241.58
302429.2526884797,4123682.37154388,240.55
302428.7791354228,4123682.132890392,241.93
302428.3038689718,4123681.896867765,242.35
302427.832651259,4123681.663155345,241.96
302427.3613419821,4123681.419268103,241.61
302426.8870669352,4123681.181371853,242.11
302426.4158100987,4123680.952286337,242.26
302425.9420657547,4123680.724369612,243.05
302425.4621330826,4123680.497523745,243.25
302424.9918939014,4123680.273965445,242.73
302424.049380127,4123679.822085878,243.1
302423.5764795422,4123679.604881531,243.85
302423.1076754517,4123679.385730425,243.66
302422.6394672599,4123679.173041591,244.12
302422.1728159761,4123678.963646794,244.58
302421.7079344869,4123678.747734092,244.02
302421.2407178445,4123678.539462869,244.43
302420.7759147914,4123678.33317026,244.51
302420.3111291255,4123678.127617413,244.81
302419.848687554,4123677.927375471,245.34
302419.3889422337,4123677.728550384,245.04
302418.4829327957,4123677.331693186,245.08
302418.0302499476,4123677.137512882,245.49
302417.5784279748,4123676.935910884,244.97
302417.1316854106,4123676.736409787,244.38
302416.693801154,4123676.529853861,243.87
302416.2558167579,4123676.319044479,242.99
302415.8176584995,4123676.113420228,243.38
302415.3846493048,4123675.912855821,243.88
302414.9571194249,4123675.7062413,243.21
302414.5357776874,4123675.492264723,241.8
302414.1227157356,4123675.265510802,240.28
302413.3181396935,4123674.797248017,238.51
302412.9207634841,4123674.558097571,237.87
302412.5368857905,4123674.314188539,236.23
302412.1561084733,4123674.057439036,235.03
302411.7827675997,4123673.802364871,234.24
302411.4212160932,4123673.539056655,233.04
302411.0651351934,4123673.269328448,231.88
302410.7075147441,4123672.997045982,231.5
302410.3544514829,4123672.710963566,230.22
302410.0103076193,4123672.426706618,229.24
302409.6744219155,4123672.135038876,228.11
302409.0197062974,4123671.547231162,226.33
302408.7094085277,4123671.24274875,224.36
302408.4103567169,4123670.938371708,222.85
302408.1170277047,4123670.625718367,222.51
302407.8287081658,4123670.299624496,220.5
302407.5514170842,4123669.970680529,218.9
302407.2860329007,4123669.638495713,217.31
302407.0300505752,4123669.29720785,215.92
302406.7806696482,4123668.953544168,214.74
302406.5402210333,4123668.605969509,213.61
302406.312379294,4123668.247180956,211.54
302405.8950388142,4123667.518154239,207.94
302405.7031656301,4123667.147601894,206.13
302405.5266479945,4123666.775762917,203.99
302405.3693821905,4123666.392183553,201.65
302405.2242103342,4123666.007024259,199.16
302405.0954941981,4123665.617036744,197.49
302404.9802462807,4123665.227287313,194.93
302404.8731480094,4123664.838086192,194.67
302404.7857017721,4123664.441576138,190.51
302404.7135762749,4123664.042299978,190.47
302404.6540840863,4123663.645501988,187.58
302404.5879461658,4123662.846961332,183.71
302404.5682454621,4123662.449966839,181.7
302404.5553983631,4123662.048740218,180.84
302404.5569327725,4123661.648840399,178.78
302404.5726964804,4123661.250085929,176.42
302404.6053119187,4123660.857040991,173.8
302404.6601191336,4123660.457737552,171.2
302404.7176664731,4123660.074282747,170.02
302404.7757834882,4123659.689889351,169.87
302404.8399974116,4123659.300541495,169.4
302404.917244856,4123658.918103266,167.31
302405.1148494837,4123658.155727749,163.49
302405.2316494954,4123657.78179536,161.32
302405.3571514398,4123657.406732959,160.21
302405.4857758506,4123657.032337205,160.02
302405.6196494924,4123656.667254753,158.58
302405.7672045482,4123656.305180916,156.38
302405.9253925639,4123655.948592923,154.61
302406.0903735555,4123655.597766202,153.86
302406.2689619575,4123655.246804221,151.49
302406.4540389137,4123654.901240606,150.72
302406.6410860869,4123654.563957259,149.87
302407.0417478309,4123653.911894773,146.4
302407.2577454178,4123653.591508448,144.86
302407.4837672706,4123653.282173397,142.64
302407.7184999139,4123652.978369442,140.64
302407.9610432882,4123652.685853899,139.37
302408.2105840908,4123652.401500295,137.64
302408.4711883786,4123652.122067302,135.63
302408.7381465635,4123651.854882196,133.86
302409.0105626461,4123651.593304762,132.73
302409.2884846471,4123651.345660501,130.93
302409.5767875703,4123651.111649634,127.71
302410.1720639089,4123650.688892455,123.3
302410.4704915279,4123650.482768837,122.96
302410.7760210454,4123650.289245579,121.62
302411.0844993369,4123650.107865327,119.26
302411.3966569961,4123649.938240811,116.92
302411.7152772303,4123649.779196303,116.29
302412.0318886718,4123649.635372078,113.31
302412.3569456543,4123649.498380457,111.64
302412.6901263399,4123649.367118799,110.32
302413.0170798201,4123649.247846059,109.29
302413.3534137355,4123649.131128084,107.39
302414.0247949432,4123648.924737775,104.43
302414.3658261172,4123648.83159394,104.07
302414.7066053873,4123648.752888885,102.53
302415.0527598291,4123648.676277765,100.97
302415.396183583,4123648.615644063,99.17
302415.7468219736,4123648.553545306,99.19
302416.0939120234,4123648.504112558,96.88
302416.4431157765,4123648.462771674,95.48999999999999
302416.7911282216,4123648.433671248,93.91
302417.1382231856,4123648.409588413,92.64
302417.4830700654,4123648.396845729,91.40000000000001
302417.8321353525,4123648.387334422,89.95
302418.1809835524,4123648.393741371,88.54000000000001
302418.5266138053,4123648.407995603,86.45
302418.8760843133,4123648.4345569,84.22
302419.2235893942,4123648.471896582,83.03
302419.5701682772,4123648.513883988,82.02
302419.9194305215,4123648.563024669,80.88
302420.2661575216,4123648.617591092,79.97
302420.6116234314,4123648.675147793,78.92
302420.9521799157,4123648.750398519,77.15000000000001
302421.2906143956,4123648.83606124,74.93000000000001
302421.6258396297,4123648.929941111,73.25
264729.7031480781,-2039009.548991889,72.13
302422.290528313,4123649.136895255,70.81999999999999
302422.619861313,4123649.250712742,69.84
302422.9510034399,4123649.365967952,69.40000000000001
302423.2785320428,4123649.49740639,67.23999999999999
302423.6043996263,4123649.639986119,65.09
302423.9257357923,4123649.784892949,64.53
302424.245758892,4123649.943153318,62.85
302424.5626640082,4123650.107223209,61.71
302424.8758118231,4123650.275082276,60.19
302425.1839760743,4123650.451200247,59.26
302425.4910141544,4123650.636041448,58
425534114.1924844,58244040.62553805,280619
302426.0943101268,4123651.031697659,54.74
302426.3899156458,4123651.239937517,54.26
302426.6823380215,4123651.457504123,52.06
302426.96752425,4123651.688193596,50.73
302427.2499967623,4123651.916726513,49.76
302427.5303341995,4123652.155116617,48.65
302427.8035832187,4123652.400334873,46.73
302428.0716138802,4123652.656408067,45.42
302428.3317907095,4123652.918217209,43.67
302428.5915892335,4123653.182810807,43.57
302428.8431208131,4123653.454445329,41.4
302429.0931434511,4123653.731111355,40.89
302429.3475062159,4123654.009895674,41.23
302429.5900621255,4123654.296174305,39.37
302429.8330269013,4123654.587254264,38.46
302430.0737434344,4123654.883383125,38.41
302430.3100764076,4123655.1818356,36.66
302430.548201088,4123655.480986057,37.24
302430.7848690429,4123655.787387223,36.95
302431.027829517,4123656.084573515,37.33
302431.2683895298,4123656.386627254,37.39
302431.5045703377,4123656.691189539,36.53
302431.7432647329,4123656.995692671,36.52
302431.9789932243,4123657.299895543,3.3
302432.2202013177,4123657.610630761,36.82
302432.4631575891,4123657.920214624,36.48
302432.7036787102,4123658.239477697,36.01
302432.9446911445,4123658.554473375,35.91
302433.1852295135,4123658.868184963,36.13
302433.4277074439,4123659.182591054,36.07
302433.6774738502,4123659.492384739,37.42
302433.9263401535,4123659.807935744,37.34
302434.176789363,4123660.121599136,36.94
302434.4268688426,4123660.432125618,37.84
302434.6844064203,4123660.738960885,38.03
302434.9497803838,4123661.039320491,39.99
302435.2207686184,4123661.339362936,40.88
302435.4902000247,4123661.64240261,40.38
302435.7653020351,4123661.934946795,41.42
302436.0449571884,4123662.226088575,42.34
302436.3312483258,4123662.503751564,44.05
302436.6276154865,4123662.775811368,45.61
302436.92578293,4123663.042647791,46.72
302437.2259636776,4123663.300740132,47.93
302437.529775593,4123663.555971477,48.31
302437.8370838793,4123663.808900108,49.04
302438.1526937648,4123664.04997608,50.69
302438.4744613583,4123664.282395469,52.37
302438.7991337615,4123664.506234832,53.64
302439.1245192047,4123664.72265597,54.5
302439.4571365388,4123664.932060572,56.13
302439.7914672339,4123665.138834354,57.07
302440.1309510916,4123665.338270451,57.82
302440.4721567694,4123665.52286313,59.55
302440.81892449,4123665.704919447,61.12
302441.1677185759,4123665.878786488,61.63
302441.5207917308,4123666.045891526,62.69
302441.8731993264,4123666.203575389,64.40000000000001
302442.2293423134,4123666.350254208,65.8
302442.5910209909,4123666.4807046,68.06999999999999
302442.9568178256,4123666.603841668,69.8
302443.3254804292,4123666.723025544,70.40000000000001
302443.6946301176,4123666.844048338,70.43000000000001
302444.0674673334,4123666.952031816,71.83
302444.4435008524,4123667.057534615,72.70999999999999
302444.8218477528,4123667.154471315,74.34999999999999
302445.2016425367,4123667.237496229,75.84
302445.5834158217,4123667.310297598,77.70999999999999
302445.9653630689,4123667.384205108,77.52
302446.3501021037,4123667.45101555,78.52
302446.7359543657,4123667.514839231,78.76000000000001
302447.1214586794,4123667.576450679,79.76000000000001
302447.5082109038,4123667.62822585,80.53
302447.8936846225,4123667.682251565,80.92
302448.2810194504,4123667.727351751,81.47
302448.6715548282,4123667.763864962,83.26000000000001
302449.0599113741,4123667.795803558,83.56999999999999
302449.4510335986,4123667.819535485,84.58
302449.8416295487,4123667.839764124,85.65000000000001
302450.2329864408,4123667.854608819,86.41
302450.6254433949,4123667.859620717,87.48999999999999
302451.0170783647,4123667.861136287,88.01000000000001
302451.410235211,4123667.851883952,89.61
302451.7981864237,4123667.835167652,90.98999999999999
302452.1884379815,4123667.809330453,92.26000000000001
302452.5786023855,4123667.77350336,93.65000000000001
302452.9660399384,4123667.728673676,94.63
302453.3531990735,4123667.678299471,95.83
302453.7385009899,4123667.611870828,98.06
302454.1208630319,4123667.539960298,99.20999999999999
302454.5012244637,4123667.458474975,100.43
302454.8789851513,4123667.367058911,101.98
302455.2542364842,4123667.269595717,103.11
302455.6268783663,4123667.161831912,104.28
302455.9982850568,4123667.045585521,105.34
302456.3648210007,4123666.923532606,107.08
302456.7310827801,4123666.78982887,108.48
302457.0967009079,4123666.653919861,109
302457.4622883709,4123666.504133865,110.4
302457.8282235665,4123666.343977666,112.09
302458.192888757,4123666.17385941,113.02
302458.5566754039,4123665.99784068,114.52
302458.9195095246,4123665.812777603,115.46
302459.2813476007,4123665.616820837,116.7
302459.6469994519,4123665.413187851,117.4
302460.0058192426,4123665.202129165,118.8
302460.3669871718,4123664.977692624,120.21
302460.7280202104,4123664.747523145,121.02
302461.0864699276,4123664.508162661,122.14
302461.4427800128,4123664.26589196,122.68
302461.798272379,4123664.014018629,123.57
302462.1538125358,4123663.757888354,124.35
302462.5070476843,4123663.491820374,125.39
302462.8625485073,4123663.22144326,125.42
302463.2189321524,4123662.950860352,126.13
302463.5778510792,4123662.674851746,126.11
302463.9380528929,4123662.39677757,125.95
302464.2986765467,4123662.117768301,126.54
302464.6612135848,4123661.832052716,126.52
302465.026307768,4123661.548127339,126.54
302465.3894754557,4123661.264062276,126.7
302465.7512210529,4123660.976144931,127.1
302466.116397889,4123660.689442116,126.83
302466.4811137692,4123660.402010022,126.75
302466.8471298416,4123660.106960857,127.5
302467.2136286813,4123659.813565678,127.27
302467.5799361725,4123659.518324655,127.5
302467.9453043099,4123659.22088532,127.82
302468.314790771,4123658.92242391,127.42
302468.6865517145,4123658.62631447,127.07
302469.0567210509,4123658.33172279,127.35
302469.4280210636,4123658.034884087,127.14
302469.8018737716,4123657.733359426,127.52
302470.1736262175,4123657.443171421,127.01
302470.5530281952,4123657.151138104,126.02
302470.9331520877,4123656.858347675,126.22
302471.3115756767,4123656.568742892,126.29
302471.6941785077,4123656.280705113,125.49
302472.0761681741,4123655.991756601,125.88
302472.4624023574,4123655.707149101,125
302472.849902126,4123655.426027533,124.7
302473.2364713419,4123655.149368751,124.17
302473.6223490587,4123654.868470426,124.63
302474.0078224833,4123654.595538193,124.02
302474.3905823459,4123654.326740631,123.92
302474.7777475458,4123654.056544175,123.36
302475.1603467317,4123653.799777794,122.9
302475.5456769341,4123653.539616514,122.33
302475.9249971585,4123653.28181711,122.75
302476.3026823401,4123653.029977357,122.61
302476.6780931848,4123652.782076902,122.34
302477.0516471521,4123652.536995702,121.69
302477.4211089523,4123652.29404621,122.03
302477.7906012319,4123652.052391273,122.01
302478.1597239341,4123651.813890664,121.41
302478.5266332109,4123651.581918429,121.08
302478.8928510759,4123651.351997877,121.03
302479.2511890042,4123651.126703631,120.43
302479.595032488,4123650.907856653,121.63
302479.9284563114,4123650.692585517,121.59
302480.2609540182,4123650.488253328,120.61
302480.5923341381,4123650.286722994,119.91
302480.9170345891,4123650.090530863,119.67
302481.2342420995,4123649.896550452,120.16
302481.5454396188,4123649.704931904,119.98
302481.8495268525,4123649.51292556,120.8
302482.1479998897,4123649.327527599,120.13
302482.4386365793,4123649.154896504,120.47
302482.7195885463,4123648.985638915,119.53
302482.9920039402,4123648.824538758,119.71
302483.2563306009,4123648.665479298,119.2
302483.5105421007,4123648.516649811,119.41
302483.7562777665,4123648.365984363,119.88
302483.9954817024,4123648.226944864,119.37
302484.2250922011,4123648.088871242,119.58
302484.4499974065,4123647.958309794,119.32
302484.6677139977,4123647.824031732,119.82
302484.883312876,4123647.700350573,119.14
302485.0917579482,4123647.574432273,118.86
302485.2959282491,4123647.455460902,119.21
302485.4998984786,4123647.33427381,119.47
302485.6953147222,4123647.220504407,119.18
302485.890296095,4123647.107115313,118.48
302486.0807678092,4123646.99697795,118.74
302486.2675473982,4123646.887112501,118.64
302486.4501217483,4123646.780861689,118.6
302486.6276775903,4123646.675099037,120.26
302486.8012282673,4123646.575166752,118.4
302486.9725524427,4123646.481208018,117.38
302487.1403409695,4123646.381596353,119.06
302487.3077772966,4123646.285878744,118.55
302487.4838025241,4123646.190514157,117.1
302487.6596449987,4123646.087382349,118.49
302487.8422802986,4123645.983720645,117.75
302488.0307298984,4123645.875666306,118.65
302488.2263376624,4123645.770034058,117.28
302488.4263289964,4123645.662078239,116.74
302488.6258593513,4123645.553393125,117.14
302488.830608301,4123645.446435591,115.91
302489.0324739551,4123645.336400288,116.99
302489.2324001195,4123645.231961709,116.93
302489.430873808,4123645.128667532,115.59
302489.6266773329,4123645.025066111,116.73
302489.8220765263,4123644.929430768,114.82
302490.0165190277,4123644.837148594,114.81
302490.2058951602,4123644.743320302,113.91
302490.3973414938,4123644.662025775,113.3
302490.5852086656,4123644.573228975,112.91
302490.770118819,4123644.497084224,112.55
302490.9562857365,4123644.417764289,110.68
302491.1392780802,4123644.341849705,111.58
302491.3202308528,4123644.267278366,110.49
302491.5023274227,4123644.197306029,109.39
302491.6817929856,4123644.128690853,110.4
302491.8648333621,4123644.067393022,107.39
302492.0461385954,4123644.007801348,107.66
302492.2295790458,4123643.944643749,106.43
302492.4153505986,4123643.892533485,105.17
302492.5997479096,4123643.838605196,104.84
302492.785928236,4123643.785005034,105.39
302492.9735482405,4123643.748579375,100.74
302493.1620640253,4123643.706211485,100.5
302493.3546111681,4123643.665414074,101.01
302493.5532205481,4123643.624474035,100.92
302493.7516211525,4123643.580948404,99.58
302493.9499653567,4123643.547601101,98.62
302494.1540152353,4123643.517820284,98.20999999999999
302494.3564386633,4123643.488077741,96.34
302494.5655071412,4123643.464100017,94.73
302494.7775850196,4123643.442271929,95.86
302494.9872711189,4123643.425681137,91.97
302495.2048546809,4123643.411495044,93.12
302495.4219773416,4123643.402870891,91.53
302495.635968923,4123643.399501428,88.90000000000001
302495.8561184646,4123643.400057883,88.98
302496.0793166441,4123643.410719613,87.09999999999999
302496.300857987,4123643.426416309,85.09999999999999
302496.5226515424,4123643.440256716,84.59
302496.7445757817,4123643.472227609,81.39
302496.9685352386,4123643.502670332,81
302497.1910509138,4123643.53462732,79.81999999999999
302497.4114096858,4123643.575516803,79.09999999999999
302497.6279416759,4123643.629818941,76.11
302497.8354108082,4123643.688775181,73.54000000000001
302498.0355042991,4123643.742353871,72.28
302498.2321883998,4123643.801933941,72.11
302498.4107600023,4123643.883959477,68.02
302498.5814123104,4123643.956364416,64.44
302498.7473374675,4123644.029065612,65.11
302498.9042997712,4123644.104383158,64.26000000000001
302499.058169999,4123644.174037332,63.37
302499.2036775157,4123644.246663805,61.72
302499.3474498717,4123644.320996433,61.97
302499.4866777537,4123644.397101309,59.03
302499.6236138434,4123644.476405723,58.92
302499.7626592031,4123644.563617074,57.69
302499.9099977303,4123644.651188419,58.39
302500.0632551263,4123644.751388014,56.03
302500.2194958861,4123644.858918873,53.01
302500.3852997829,4123644.976771805,54.34
302500.5607407119,4123645.101799456,54.79
302500.7412089247,4123645.233000067,51.48
302500.9231385509,4123645.382299851,51.3
302501.1046420645,4123645.538641043,47.47
302501.288206977,4123645.700854901,47.45
302501.4744422747,4123645.882249708,45.8
302501.6610819818,4123646.061969679,44.15
302501.8479783916,4123646.252600753,43.7
302502.0328614707,4123646.458267137,41.31
302502.2206538671,4123646.661829679,40.68
302502.4011838961,4123646.877405407,39.19
302502.5791570208,4123647.110064635,36.99
302502.7620050642,4123647.336132902,37.58
302502.9399522883,4123647.586556226,34.75
302503.1210436996,4123647.838570907,34.61
302503.2995693547,4123648.094716754,33.75
302503.4815176643,4123648.364289728,32.83
302503.6658491135,4123648.634546782,33.01
302503.8505633634,4123648.914786791,32.17
302504.0329858919,4123649.204517571,31.16
302504.2205834803,4123649.494126602,31.58
302504.4062633853,4123649.796548254,30.55
302504.5956354018,4123650.098698012,30.42
302504.7813762672,4123650.409999979,30.18
302504.9692698115,4123650.724766992,29.54
302505.1575634139,4123651.037674235,29.73
302505.3483097675,4123651.354224501,29.41
302505.539312737,4123651.67539464,29.77
258276.3814735769,-1411800.155467843,29.85
302505.9226796837,4123652.306415696,29.93
302506.1130128609,4123652.62427095,29.53
302506.3070946395,4123652.93796722,30.35
302506.4988932585,4123653.248941662,30
302506.6893132695,4123653.557913145,30
302506.8761803685,4123653.873074414,29.64
302507.06565236,4123654.185768932,29.5
302507.2529585864,4123654.494443611,29.99
302507.442821919,4123654.804908492,29.84
302507.6310196952,4123655.120038469,29.81
302507.8206959825,4123655.428842434,29.81
425534031.5567691,58239086.26605451,280619
302508.1862802853,4123656.052325381,29.19
302508.3648019109,4123656.364907476,28.41
302508.5426103313,4123656.67861657,28.68
302508.7211580325,4123656.992308273,28.34
302508.9012146996,4123657.300968503,28.6
302509.0766486389,4123657.614363396,28.5
302509.2546570107,4123657.923997001,28.17
302509.4285253114,4123658.233728008,27.75
302509.602832832,4123658.543263651,28.11
302509.7749181018,4123658.852666541,27.7
302509.9475425865,4123659.159836315,27.88
302509.4848994534,4123659.479176108,27.99
302510.2902474646,4123659.772940467,28.28
302510.4613280616,4123660.077371025,27.68
302510.631225774,4123660.381829415,27.68
302510.7999754108,4123660.68779511,27.62
302510.969486085,4123660.994668081,27.45
302511.1392446081,4123661.299499829,27.76
302511.3082724577,4123661.598427606,28.06
302511.4730515404,4123661.899120671,27.63
302511.6411268815,4123662.189004088,28.09
302511.8030051886,4123662.479588407,27.8
302511.9614392204,4123662.768403397,27.71
302512.1183119218,4123663.047448199,280619
302512.2723622429,4123663.326004296,27.71
302512.4247861019,4123663.604598658,27.43
302512.5777882698,4123663.876333075,27.57
302512.7252021757,4123664.143202986,27.58
302512.8701111713,4123664.410501902,27.35
302513.0090404745,4123664.668874722,26.52
302513.140441948,4123664.921688519,26.18
302513.265011384,4123665.167076563,25.43
302513.3854798548,4123665.407935179,25.46
302513.5028779539,4123665.637763856,25.59
302513.6136702527,4123665.86978334,24.41
302513.7202658017,4123666.08691362,24.16
302513.8187291111,4123666.304235222,23.41
302513.9088687417,4123666.51361105,21.68
302513.9911805479,4123666.72354111,19.92
302514.0742446324,4123666.927717347,20.92
302514.154312379,4123667.13029875,19.96
302514.2299270175,4123667.338536006,19.03
302514.3017190738,4123667.547788373,18.2
302514.3708105813,4123667.76173018,16.35
302514.4330962232,4123667.975647066,14.91
302514.4932466458,4123668.193129873,14.16
302514.5518053602,4123668.405839184,13.75
302514.6012100032,4123668.63190143,11.7
302514.6450612058,4123668.854578634,9.98
302514.685729189,4123669.086582541,8.08
302514.7215656218,4123669.31444428,8.23
302514.7400591942,4123669.553446131,3.84
302514.7596790068,4123669.783724779,2.77
302514.7704709345,4123670.028643941,1.49
302514.7667336023,4123670.278530824,358.43
302514.7642095332,4123670.523393183,357.95
302514.7513094414,4123670.78626313,356.2
302514.7312251149,4123671.045601368,354.47
302514.7024128343,4123671.311251135,352.25
302514.6576579763,4123671.584677417,350.09
302514.6047404979,4123671.863291712,347.65
302514.5430428666,4123672.145998333,346.38
302514.4658375333,4123672.436101163,344.05
302514.3731940518,4123672.73026792,341.19
302514.275184085,4123673.016419332,339.91
302514.1639843094,4123673.307877029,337.9
302514.0418951326,4123673.595520115,335.63
302513.9062639404,4123673.892363534,334.48
302513.7554206392,4123674.184013748,331.22
302513.5950360096,4123674.466266549,329.58
302513.4154472211,4123674.756002532,326.83
302513.2298135093,4123675.034038412,325.42
302513.0323902662,4123675.314016986,323.37
302512.8225338509,4123675.593732962,321.89
302512.6004093929,4123675.861340132,319.54
302512.3654168865,4123676.129065011,317.25
302512.1141729198,4123676.391436109,314.98
302511.8527918434,4123676.644238783,313.27
302511.5788818157,4123676.886419085,310.38
302511.2894814399,4123677.130444119,308.6
302510.9984979384,4123677.357483074,307.22
302510.6967686239,4123677.586810247,305.93
302510.3874549562,4123677.808174272,304.25
302510.074201119,4123678.012977741,302.23
302509.7563506255,4123678.217334259,301.64
302509.4354385504,4123678.417321946,300.74
302509.1152526641,4123678.610446221,299.72
302508.7947840519,4123678.797841035,299.2
302508.4770811927,4123678.977029197,298.45
302508.1591304109,4123679.151967372,297.5
302507.8457980017,4123679.32198596,297.38
302507.5347965335,4123679.490469432,297.16
302507.2271392655,4123679.656468764,297.12
302506.9232566458,4123679.813127489,296.64
302506.6218876333,4123679.969727088,295.83
302506.3249282142,4123680.118821505,295.89
302506.0306650695,4123680.269332787,295.75
302505.7397678748,4123680.418284598,295.95
302505.4573813024,4123680.570551879,297.03
302505.1779301558,4123680.721824927,296.74
302504.903606215,4123680.870941957,297.35
302504.6329308866,4123681.017937756,297.43
302504.3639820072,4123681.162857548,296.15
302504.1023564571,4123681.30464447,297.45
302503.8492719069,4123681.444750163,298.02
302503.602175599,4123681.581569362,297.66
302503.3608674695,4123681.712886334,297.35
302503.1222686621,4123681.846174971,297.63
302502.8907973838,4123681.96800871,297.42
302502.6631705076,4123682.096043239,297.34
302502.435595776,4123682.22000575,297.24
302502.20112826,4123682.346535909,296.98
302501.9585851675,4123682.48195278,297.56
302501.7119107427,4123682.617836929,297.7
302501.4592133552,4123682.761819354,298.08
302501.2139263152,4123682.906367584,299.53
302500.9783238274,4123683.034959882,298.62
302500.7359373334,4123683.170743178,297.56
302500.4803698299,4123683.318493887,297.84
302500.2247370689,4123683.463470595,298.28
302499.9654166345,4123683.615195381,298.68
302499.7060571259,4123683.771547002,299.88
302499.4433794699,4123683.925201155,299.09
302499.1846505749,4123684.083203284,300.2
302498.925139042,4123684.251955939,301.73
302498.6534509028,4123684.418774658,300.34
302498.3807408162,4123684.58617254,299.65
302498.1194376076,4123684.754227231,301.06
302497.8617134735,4123684.923492978,302.1
302497.6054114487,4123685.096611035,302.81
302497.3531885591,4123685.267042619,303.06
302497.1012788027,4123685.438206989,303.09
302496.850908558,4123685.611925653,303.37
302496.6037999112,4123685.785937658,304.04
302496.3567130323,4123685.960874341,303.76
302496.1129094276,4123686.130737801,303.5
302495.8736155614,4123686.303640781,304.31
302495.6356698392,4123686.477252195,304.92
302495.4001332905,4123686.646366059,304.53
302495.1631095433,4123686.821436085,305.23
302494.9258639798,4123686.993365719,304.4
302494.6897490761,4123687.163048322,304.39
302494.4522165179,4123687.335354798,304.86
302494.2169757303,4123687.504461738,304.17
302493.9798866821,4123687.670466559,303.91
302493.7428715326,4123687.83332403,303.22
302493.506765299,4123687.997085304,303.67
302493.269419637,4123688.158470277,302.98
302493.0364532575,4123688.32363798,303.65
302492.8030214723,4123688.481600224,303.26
302492.5663151377,4123688.645005574,302.98
302492.3344272239,4123688.805707052,303.45
302492.0972859483,4123688.963201489,302.48
302491.8622929411,4123689.117684806,302.45
302491.628104414,4123689.268633513,301.65
302491.3926199832,4123689.421093007,301.39
302491.1573051751,4123689.574473699,301.66
302490.9268131377,4123689.725335453,302.09
302490.696238522,4123689.878974699,302.28
302490.4718000821,4123690.035615193,303.61
302490.2523583826,4123690.190842871,303.88
302490.0386919571,4123690.352595976,305.62
302489.8300527307,4123690.514230802,306.64
302489.6293283343,4123690.679010059,307.52
302489.4379712488,4123690.845789353,309.28
302489.2602389039,4123691.013173254,312.04
302489.09251743,4123691.178471252,313.4
302488.9371204347,4123691.345699702,315.61
302488.7922822277,4123691.508978993,317.51
302488.6626951159,4123691.666533388,318.96
302488.5429578744,4123691.815159318,320.23
302488.4327313515,4123691.959305635,320.98
302488.3266447869,4123692.09706331,321.83
302488.2264507168,4123692.227465925,321.37
302488.1285093377,4123692.359295826,322
302488.0291024359,4123692.491715322,322.1
302487.9303522352,4123692.626894913,322.13
302487.8348027085,4123692.759778757,323.34
302487.7371745565,4123692.898632676,322.89
302487.6408510238,4123693.036345679,324.26
302487.5437186665,4123693.177408369,323.52
302487.4468472177,4123693.316984632,323.72
302487.3475143986,4123693.458839245,324.38
302487.2480989022,4123693.597180116,323.3
302487.1498489632,4123693.741044653,324.2
302487.0498812931,4123693.88735508,323.76
302486.9513834192,4123694.026969618,324.03
302486.850198077,4123694.171828408,323.73
302486.7494345622,4123694.315752094,323.35
302486.6426435735,4123694.455006659,322.12
302486.5387706815,4123694.598818474,321.97
302486.4327582467,4123694.746011285,322.77
302486.3255758224,4123694.881204265,321.67
302486.2162887473,4123695.027548948,321.55
302486.1052621045,4123695.169123622,320.83
302485.9957270969,4123695.311218307,320.47
302485.8856963069,4123695.451104224,321.12
302485.7727301053,4123695.591984392,320.28
302485.6615164526,4123695.731898146,319.72
302485.5468107703,4123695.874299537,319.68
302485.4304132909,4123696.00767396,318.12
302485.3144377199,4123696.14640451,318.37
302485.1969617238,4123696.277953949,317.63
302485.0759674991,4123696.404590193,315.39
302484.9520465729,4123696.532590557,314.49
302484.8266382707,4123696.653964614,313.19
302484.7018429838,4123696.76366696,311.01
302484.5737513889,4123696.877887741,310.23
302484.4445029516,4123696.986954727,308.59
302484.3137019573,4123697.092912631,307.95
302484.1842359544,4123697.192732926,306.52
302484.0590099792,4123697.290418056,306.21
302483.937902102,4123697.374498641,304.74
302483.8256699933,4123697.452264182,303.14
302483.7228659168,4123697.522036361,303.78
302483.63125982,4123697.583588493,303.53
302483.5464594704,4123697.638874289,302.05
302483.4680735164,4123697.690123394,302.77
302483.389970218,4123697.740810741,302.06
302483.3103100126,4123697.788204067,299.56
302483.2304801929,4123697.834676204,298.49
302483.1499023794,4123697.88079587,298.54
302483.0661413951,4123697.936242252,300.33
302482.9880467164,4123697.981008236,299.25
302482.9083430008,4123698.026552228,298.55
302482.82813044,4123698.069332649,295.99
302482.7514361109,4123698.117026269,299.47
302482.6726847293,4123698.159032163,297.64
302482.5949379861,4123698.2060104,299.76
302482.5138166096,4123698.254178263,299.61
302482.4349695905,4123698.298406847,298.42
302482.357509772,4123698.338717028,298.12
302482.2777191259,4123698.386853581,298.89
302482.2012160849,4123698.430101831,299.72
302482.1222864811,4123698.477107907,298.64
302482.042352329,4123698.525432875,299.92
302481.9624921555,4123698.576901719,300.8
302481.8826579967,4123698.623188936,298.63
302481.8025585877,4123698.67077765,300.53
302481.7211763141,4123698.720431949,300.13
302481.6382024143,4123698.77160399,299.16
302481.5573767687,4123698.819764905,300.84
302481.4761728229,4123698.870710263,299.86
302481.3932815089,4123698.919104821,300.35
302481.3080462273,4123698.968479712,298.55
302481.2250636293,4123699.019281891,299.26
302481.1382889341,4123699.072393734,300.19
302481.0536842506,4123699.123419119,300.58
302480.9639132249,4123699.174936142,298.15
302480.8709850534,4123699.230598253,300.04
302480.7778568048,4123699.284044637,298.54
302480.6820932201,4123699.338663249,299.14
302480.5825244797,4123699.395036726,298.68
302480.4829296335,4123699.4503006,297.14
302480.3820606332,4123699.507999931,297.57
302480.2853794386,4123699.561344886,299.23
302480.1899550889,4123699.617805885,298.49
302480.0949611673,4123699.667410414,296.46
302480.0057424272,4123699.717249125,298.26
302479.9161584378,4123699.770427085,299.52
302479.8284182786,4123699.820231008,298.31
302479.7455269874,4123699.868625582,297.37
302479.6607396474,4123699.918174989,300.7
302479.5741257884,4123699.965546939,297.96
302479.4904908569,4123700.013773977,299.11
302479.404994689,4123700.064635321,298.3
302479.320146431,4123700.111595655,299.32
302479.2342152993,4123700.156546072,296.12
302479.1490453111,4123700.208694996,299.01
302479.0653886242,4123700.25599737,298.79
302478.9874287924,4123700.300205112,298.21
302478.9176445847,4123700.33977961,298.19
302478.8521829908,4123700.374441449,298.42
302478.7960755341,4123700.404257274,298.07
302478.7448170423,4123700.438954982,301.09
302478.7031822024,4123700.461398881,301.01
302478.6659874684,4123700.48392334,300.77
302478.6368682712,4123700.497561071,294.28
302478.611632554,4123700.512772745,299.49
302478.5929764888,4123700.524683984,304.34
